defined_class	defined_class_label	biological_process	biological_process_label	location	location_label
http://purl.obolibrary.org/obo/XPO_0137162	decreased apoptosis in B cell	http://purl.obolibrary.org/obo/GO_0006915	apoptotic process	http://purl.obolibrary.org/obo/XAO_0003158	B cell
http://purl.obolibrary.org/obo/XPO_0137943	decreased apoptosis in Bowman's gland	http://purl.obolibrary.org/obo/GO_0006915	apoptotic process	http://purl.obolibrary.org/obo/XAO_0005075	Bowman's gland
http://purl.obolibrary.org/obo/XPO_0137712	decreased apoptosis in Brachet's cleft	http://purl.obolibrary.org/obo/GO_0006915	apoptotic process	http://purl.obolibrary.org/obo/XAO_0004456	Brachet's cleft
http://purl.obolibrary.org/obo/XPO_0137904	decreased apoptosis in Eberth-Kastschenko layer	http://purl.obolibrary.org/obo/GO_0006915	apoptotic process	http://purl.obolibrary.org/obo/XAO_0005036	Eberth-Kastschenko layer
http://purl.obolibrary.org/obo/XPO_0136852	decreased apoptosis in Jacobson's organ	http://purl.obolibrary.org/obo/GO_0006915	apoptotic process	http://purl.obolibrary.org/obo/XAO_0000272	Jacobson's organ
http://purl.obolibrary.org/obo/XPO_0137522	decreased apoptosis in Jacobson's vein	http://purl.obolibrary.org/obo/GO_0006915	apoptotic process	http://purl.obolibrary.org/obo/XAO_0004257	Jacobson's vein
http://purl.obolibrary.org/obo/XPO_0137661	decreased apoptosis in Leydig cell	http://purl.obolibrary.org/obo/GO_0006915	apoptotic process	http://purl.obolibrary.org/obo/XAO_0004405	Leydig cell
http://purl.obolibrary.org/obo/XPO_0137903	decreased apoptosis in Mauthner cell	http://purl.obolibrary.org/obo/GO_0006915	apoptotic process	http://purl.obolibrary.org/obo/XAO_0005035	Mauthner cell
http://purl.obolibrary.org/obo/XPO_0137092	decreased apoptosis in Meckel's cartilage	http://purl.obolibrary.org/obo/GO_0006915	apoptotic process	http://purl.obolibrary.org/obo/XAO_0003085	Meckel's cartilage
http://purl.obolibrary.org/obo/XPO_0137250	decreased apoptosis in Merkel cell	http://purl.obolibrary.org/obo/GO_0006915	apoptotic process	http://purl.obolibrary.org/obo/XAO_0003254	Merkel cell
http://purl.obolibrary.org/obo/XPO_0137875	decreased apoptosis in Muller cell	http://purl.obolibrary.org/obo/GO_0006915	apoptotic process	http://purl.obolibrary.org/obo/XAO_0005007	Muller cell
http://purl.obolibrary.org/obo/XPO_0136889	decreased apoptosis in Mullerian duct	http://purl.obolibrary.org/obo/GO_0006915	apoptotic process	http://purl.obolibrary.org/obo/XAO_0000330	Mullerian duct
http://purl.obolibrary.org/obo/XPO_0136974	decreased apoptosis in Rathke's pouch	http://purl.obolibrary.org/obo/GO_0006915	apoptotic process	http://purl.obolibrary.org/obo/XAO_0000430	Rathke's pouch
http://purl.obolibrary.org/obo/XPO_0137042	decreased apoptosis in Rohon-Beard neuron	http://purl.obolibrary.org/obo/GO_0006915	apoptotic process	http://purl.obolibrary.org/obo/XAO_0003022	Rohon-Beard neuron
http://purl.obolibrary.org/obo/XPO_0137912	decreased apoptosis in Schwann cell	http://purl.obolibrary.org/obo/GO_0006915	apoptotic process	http://purl.obolibrary.org/obo/XAO_0005044	Schwann cell
http://purl.obolibrary.org/obo/XPO_0137011	decreased apoptosis in Stirnorgan	http://purl.obolibrary.org/obo/GO_0006915	apoptotic process	http://purl.obolibrary.org/obo/XAO_0001012	Stirnorgan
http://purl.obolibrary.org/obo/XPO_0137161	decreased apoptosis in T cell	http://purl.obolibrary.org/obo/GO_0006915	apoptotic process	http://purl.obolibrary.org/obo/XAO_0003157	T cell
http://purl.obolibrary.org/obo/XPO_0137015	decreased apoptosis in abdominal myoblast	http://purl.obolibrary.org/obo/GO_0006915	apoptotic process	http://purl.obolibrary.org/obo/XAO_0001016	abdominal myoblast
http://purl.obolibrary.org/obo/XPO_0137099	decreased apoptosis in abducens nerve	http://purl.obolibrary.org/obo/GO_0006915	apoptotic process	http://purl.obolibrary.org/obo/XAO_0003093	abducens nerve
http://purl.obolibrary.org/obo/XPO_0137228	decreased apoptosis in absorptive cell	http://purl.obolibrary.org/obo/GO_0006915	apoptotic process	http://purl.obolibrary.org/obo/XAO_0003231	absorptive cell
http://purl.obolibrary.org/obo/XPO_0137479	decreased apoptosis in accessory nerve	http://purl.obolibrary.org/obo/GO_0006915	apoptotic process	http://purl.obolibrary.org/obo/XAO_0004214	accessory nerve
http://purl.obolibrary.org/obo/XPO_0137783	decreased apoptosis in accessory olfactory bulb	http://purl.obolibrary.org/obo/GO_0006915	apoptotic process	http://purl.obolibrary.org/obo/XAO_0004530	accessory olfactory bulb
http://purl.obolibrary.org/obo/XPO_0137166	decreased apoptosis in acellular anatomical structure	http://purl.obolibrary.org/obo/GO_0006915	apoptotic process	http://purl.obolibrary.org/obo/XAO_0003162	acellular anatomical structure
http://purl.obolibrary.org/obo/XPO_0137871	decreased apoptosis in acellular bone tissue	http://purl.obolibrary.org/obo/GO_0006915	apoptotic process	http://purl.obolibrary.org/obo/XAO_0005001	acellular bone tissue
http://purl.obolibrary.org/obo/XPO_0137229	decreased apoptosis in acid secreting cell	http://purl.obolibrary.org/obo/GO_0006915	apoptotic process	http://purl.obolibrary.org/obo/XAO_0003232	acid secreting cell
http://purl.obolibrary.org/obo/XPO_0137230	decreased apoptosis in acinar cell	http://purl.obolibrary.org/obo/GO_0006915	apoptotic process	http://purl.obolibrary.org/obo/XAO_0003233	acinar cell
http://purl.obolibrary.org/obo/XPO_0137473	decreased apoptosis in adenohypophyseal placode	http://purl.obolibrary.org/obo/GO_0006915	apoptotic process	http://purl.obolibrary.org/obo/XAO_0004208	adenohypophyseal placode
http://purl.obolibrary.org/obo/XPO_0138052	decreased apoptosis in adenohypophysis	http://purl.obolibrary.org/obo/GO_0006915	apoptotic process	http://purl.obolibrary.org/obo/XAO_0005186	adenohypophysis
http://purl.obolibrary.org/obo/XPO_0137067	decreased apoptosis in adipose tissue	http://purl.obolibrary.org/obo/GO_0006915	apoptotic process	http://purl.obolibrary.org/obo/XAO_0003049	adipose tissue
http://purl.obolibrary.org/obo/XPO_0136756	decreased apoptosis in adrenal cortex	http://purl.obolibrary.org/obo/GO_0006915	apoptotic process	http://purl.obolibrary.org/obo/XAO_0000165	adrenal cortex
http://purl.obolibrary.org/obo/XPO_0136755	decreased apoptosis in adrenal gland	http://purl.obolibrary.org/obo/GO_0006915	apoptotic process	http://purl.obolibrary.org/obo/XAO_0000164	adrenal gland
http://purl.obolibrary.org/obo/XPO_0136757	decreased apoptosis in adrenal medulla	http://purl.obolibrary.org/obo/GO_0006915	apoptotic process	http://purl.obolibrary.org/obo/XAO_0000166	adrenal medulla
http://purl.obolibrary.org/obo/XPO_0137158	decreased apoptosis in adult immune system	http://purl.obolibrary.org/obo/GO_0006915	apoptotic process	http://purl.obolibrary.org/obo/XAO_0003154	adult immune system
http://purl.obolibrary.org/obo/XPO_0137874	decreased apoptosis in adult intestinal epithelium	http://purl.obolibrary.org/obo/GO_0006915	apoptotic process	http://purl.obolibrary.org/obo/XAO_0005004	adult intestinal epithelium
http://purl.obolibrary.org/obo/XPO_0138096	decreased apoptosis in adult kidney	http://purl.obolibrary.org/obo/GO_0006915	apoptotic process	http://purl.obolibrary.org/obo/XAO_0005244	adult kidney
http://purl.obolibrary.org/obo/XPO_0138114	decreased apoptosis in adult thrombocyte	http://purl.obolibrary.org/obo/GO_0006915	apoptotic process	http://purl.obolibrary.org/obo/XAO_0005268	adult thrombocyte
http://purl.obolibrary.org/obo/XPO_0138082	decreased apoptosis in afferent neuron	http://purl.obolibrary.org/obo/GO_0006915	apoptotic process	http://purl.obolibrary.org/obo/XAO_0005229	afferent neuron
http://purl.obolibrary.org/obo/XPO_0136723	decreased apoptosis in alimentary system	http://purl.obolibrary.org/obo/GO_0006915	apoptotic process	http://purl.obolibrary.org/obo/XAO_0000125	alimentary system
http://purl.obolibrary.org/obo/XPO_0137231	decreased apoptosis in alkali secreting cell	http://purl.obolibrary.org/obo/GO_0006915	apoptotic process	http://purl.obolibrary.org/obo/XAO_0003234	alkali secreting cell
http://purl.obolibrary.org/obo/XPO_0138030	decreased apoptosis in alpha cell	http://purl.obolibrary.org/obo/GO_0006915	apoptotic process	http://purl.obolibrary.org/obo/XAO_0005164	alpha cell
http://purl.obolibrary.org/obo/XPO_0137364	decreased apoptosis in amacrine cell	http://purl.obolibrary.org/obo/GO_0006915	apoptotic process	http://purl.obolibrary.org/obo/XAO_0004099	amacrine cell
http://purl.obolibrary.org/obo/XPO_0137149	decreased apoptosis in amphibian papilla	http://purl.obolibrary.org/obo/GO_0006915	apoptotic process	http://purl.obolibrary.org/obo/XAO_0003144	amphibian papilla
http://purl.obolibrary.org/obo/XPO_0137324	decreased apoptosis in ampullary nerve	http://purl.obolibrary.org/obo/GO_0006915	apoptotic process	http://purl.obolibrary.org/obo/XAO_0004058	ampullary nerve
http://purl.obolibrary.org/obo/XPO_0137581	decreased apoptosis in amputated fin	http://purl.obolibrary.org/obo/GO_0006915	apoptotic process	http://purl.obolibrary.org/obo/XAO_0004318	amputated fin
http://purl.obolibrary.org/obo/XPO_0137582	decreased apoptosis in amputated limb	http://purl.obolibrary.org/obo/GO_0006915	apoptotic process	http://purl.obolibrary.org/obo/XAO_0004319	amputated limb
http://purl.obolibrary.org/obo/XPO_0137580	decreased apoptosis in amputated tissue	http://purl.obolibrary.org/obo/GO_0006915	apoptotic process	http://purl.obolibrary.org/obo/XAO_0004317	amputated tissue
http://purl.obolibrary.org/obo/XPO_0137784	decreased apoptosis in amygdala	http://purl.obolibrary.org/obo/GO_0006915	apoptotic process	http://purl.obolibrary.org/obo/XAO_0004531	amygdala
http://purl.obolibrary.org/obo/XPO_0137164	decreased apoptosis in anatomical cluster	http://purl.obolibrary.org/obo/GO_0006915	apoptotic process	http://purl.obolibrary.org/obo/XAO_0003160	anatomical cluster
http://purl.obolibrary.org/obo/XPO_0137026	decreased apoptosis in anatomical group	http://purl.obolibrary.org/obo/GO_0006915	apoptotic process	http://purl.obolibrary.org/obo/XAO_0003001	anatomical group
http://purl.obolibrary.org/obo/XPO_0137269	decreased apoptosis in anatomical line	http://purl.obolibrary.org/obo/GO_0006915	apoptotic process	http://purl.obolibrary.org/obo/XAO_0004003	anatomical line
http://purl.obolibrary.org/obo/XPO_0137187	decreased apoptosis in anatomical region	http://purl.obolibrary.org/obo/GO_0006915	apoptotic process	http://purl.obolibrary.org/obo/XAO_0003186	anatomical region
http://purl.obolibrary.org/obo/XPO_0137025	decreased apoptosis in anatomical structure	http://purl.obolibrary.org/obo/GO_0006915	apoptotic process	http://purl.obolibrary.org/obo/XAO_0003000	anatomical structure
http://purl.obolibrary.org/obo/XPO_0137027	decreased apoptosis in anatomical system	http://purl.obolibrary.org/obo/GO_0006915	apoptotic process	http://purl.obolibrary.org/obo/XAO_0003002	anatomical system
http://purl.obolibrary.org/obo/XPO_0137428	decreased apoptosis in angioblast	http://purl.obolibrary.org/obo/GO_0006915	apoptotic process	http://purl.obolibrary.org/obo/XAO_0004163	angioblast
http://purl.obolibrary.org/obo/XPO_0136789	decreased apoptosis in animal blastomere	http://purl.obolibrary.org/obo/GO_0006915	apoptotic process	http://purl.obolibrary.org/obo/XAO_0000200	animal blastomere
http://purl.obolibrary.org/obo/XPO_0136642	decreased apoptosis in animal cap	http://purl.obolibrary.org/obo/GO_0006915	apoptotic process	http://purl.obolibrary.org/obo/XAO_0000036	animal cap
http://purl.obolibrary.org/obo/XPO_0136643	decreased apoptosis in animal cap inner layer	http://purl.obolibrary.org/obo/GO_0006915	apoptotic process	http://purl.obolibrary.org/obo/XAO_0000037	animal cap inner layer
http://purl.obolibrary.org/obo/XPO_0136644	decreased apoptosis in animal cap outer layer	http://purl.obolibrary.org/obo/GO_0006915	apoptotic process	http://purl.obolibrary.org/obo/XAO_0000038	animal cap outer layer
http://purl.obolibrary.org/obo/XPO_0136790	decreased apoptosis in animal hemisphere	http://purl.obolibrary.org/obo/GO_0006915	apoptotic process	http://purl.obolibrary.org/obo/XAO_0000202	animal hemisphere
http://purl.obolibrary.org/obo/XPO_0136856	decreased apoptosis in animal part, late involuting	http://purl.obolibrary.org/obo/GO_0006915	apoptotic process	http://purl.obolibrary.org/obo/XAO_0000278	animal part, late involuting
http://purl.obolibrary.org/obo/XPO_0137353	decreased apoptosis in animal pole	http://purl.obolibrary.org/obo/GO_0006915	apoptotic process	http://purl.obolibrary.org/obo/XAO_0004088	animal pole
http://purl.obolibrary.org/obo/XPO_0137785	decreased apoptosis in anterior amygdala	http://purl.obolibrary.org/obo/GO_0006915	apoptotic process	http://purl.obolibrary.org/obo/XAO_0004532	anterior amygdala
http://purl.obolibrary.org/obo/XPO_0137452	decreased apoptosis in anterior branchial crest	http://purl.obolibrary.org/obo/GO_0006915	apoptotic process	http://purl.obolibrary.org/obo/XAO_0004187	anterior branchial crest
http://purl.obolibrary.org/obo/XPO_0136932	decreased apoptosis in anterior cardinal vein	http://purl.obolibrary.org/obo/GO_0006915	apoptotic process	http://purl.obolibrary.org/obo/XAO_0000383	anterior cardinal vein
http://purl.obolibrary.org/obo/XPO_0137423	decreased apoptosis in anterior cerebral vein	http://purl.obolibrary.org/obo/GO_0006915	apoptotic process	http://purl.obolibrary.org/obo/XAO_0004158	anterior cerebral vein
http://purl.obolibrary.org/obo/XPO_0137786	decreased apoptosis in anterior commissure	http://purl.obolibrary.org/obo/GO_0006915	apoptotic process	http://purl.obolibrary.org/obo/XAO_0004533	anterior commissure
http://purl.obolibrary.org/obo/XPO_0137402	decreased apoptosis in anterior crista	http://purl.obolibrary.org/obo/GO_0006915	apoptotic process	http://purl.obolibrary.org/obo/XAO_0004137	anterior crista
http://purl.obolibrary.org/obo/XPO_0138108	decreased apoptosis in anterior dorsal fin	http://purl.obolibrary.org/obo/GO_0006915	apoptotic process	http://purl.obolibrary.org/obo/XAO_0005262	anterior dorsal fin
http://purl.obolibrary.org/obo/XPO_0137069	decreased apoptosis in anterior dorsal lateral plate region	http://purl.obolibrary.org/obo/GO_0006915	apoptotic process	http://purl.obolibrary.org/obo/XAO_0003051	anterior dorsal lateral plate region
http://purl.obolibrary.org/obo/XPO_0138141	decreased apoptosis in anterior endoderm	http://purl.obolibrary.org/obo/GO_0006915	apoptotic process	http://purl.obolibrary.org/obo/XAO_0005303	anterior endoderm
http://purl.obolibrary.org/obo/XPO_0138144	decreased apoptosis in anterior endomesoderm	http://purl.obolibrary.org/obo/GO_0006915	apoptotic process	http://purl.obolibrary.org/obo/XAO_0005306	anterior endomesoderm
http://purl.obolibrary.org/obo/XPO_0137787	decreased apoptosis in anterior entopeduncular nucleus	http://purl.obolibrary.org/obo/GO_0006915	apoptotic process	http://purl.obolibrary.org/obo/XAO_0004534	anterior entopeduncular nucleus
http://purl.obolibrary.org/obo/XPO_0137944	decreased apoptosis in anterior entopeduncular region	http://purl.obolibrary.org/obo/GO_0006915	apoptotic process	http://purl.obolibrary.org/obo/XAO_0005076	anterior entopeduncular region
http://purl.obolibrary.org/obo/XPO_0137994	decreased apoptosis in anterior foregut	http://purl.obolibrary.org/obo/GO_0006915	apoptotic process	http://purl.obolibrary.org/obo/XAO_0005127	anterior foregut
http://purl.obolibrary.org/obo/XPO_0138103	decreased apoptosis in anterior hindgut endoderm	http://purl.obolibrary.org/obo/GO_0006915	apoptotic process	http://purl.obolibrary.org/obo/XAO_0005251	anterior hindgut endoderm
http://purl.obolibrary.org/obo/XPO_0137495	decreased apoptosis in anterior hypothalamus	http://purl.obolibrary.org/obo/GO_0006915	apoptotic process	http://purl.obolibrary.org/obo/XAO_0004230	anterior hypothalamus
http://purl.obolibrary.org/obo/XPO_0137486	decreased apoptosis in anterior lateral line placode	http://purl.obolibrary.org/obo/GO_0006915	apoptotic process	http://purl.obolibrary.org/obo/XAO_0004221	anterior lateral line placode
http://purl.obolibrary.org/obo/XPO_0137017	decreased apoptosis in anterior lymph sac	http://purl.obolibrary.org/obo/GO_0006915	apoptotic process	http://purl.obolibrary.org/obo/XAO_0001018	anterior lymph sac
http://purl.obolibrary.org/obo/XPO_0136874	decreased apoptosis in anterior neural fold	http://purl.obolibrary.org/obo/GO_0006915	apoptotic process	http://purl.obolibrary.org/obo/XAO_0000310	anterior neural fold
http://purl.obolibrary.org/obo/XPO_0137474	decreased apoptosis in anterior neural ridge	http://purl.obolibrary.org/obo/GO_0006915	apoptotic process	http://purl.obolibrary.org/obo/XAO_0004209	anterior neural ridge
http://purl.obolibrary.org/obo/XPO_0136872	decreased apoptosis in anterior neural tube	http://purl.obolibrary.org/obo/GO_0006915	apoptotic process	http://purl.obolibrary.org/obo/XAO_0000307	anterior neural tube
http://purl.obolibrary.org/obo/XPO_0138109	decreased apoptosis in anterior neuroectoderm	http://purl.obolibrary.org/obo/GO_0006915	apoptotic process	http://purl.obolibrary.org/obo/XAO_0005263	anterior neuroectoderm
http://purl.obolibrary.org/obo/XPO_0136920	decreased apoptosis in anterior palatine artery	http://purl.obolibrary.org/obo/GO_0006915	apoptotic process	http://purl.obolibrary.org/obo/XAO_0000369	anterior palatine artery
http://purl.obolibrary.org/obo/XPO_0137471	decreased apoptosis in anterior placodal area	http://purl.obolibrary.org/obo/GO_0006915	apoptotic process	http://purl.obolibrary.org/obo/XAO_0004206	anterior placodal area
http://purl.obolibrary.org/obo/XPO_0138069	decreased apoptosis in anterior region	http://purl.obolibrary.org/obo/GO_0006915	apoptotic process	http://purl.obolibrary.org/obo/XAO_0005216	anterior region
http://purl.obolibrary.org/obo/XPO_0137908	decreased apoptosis in anterior semicircular canal	http://purl.obolibrary.org/obo/GO_0006915	apoptotic process	http://purl.obolibrary.org/obo/XAO_0005040	anterior semicircular canal
http://purl.obolibrary.org/obo/XPO_0137770	decreased apoptosis in anterior tectum	http://purl.obolibrary.org/obo/GO_0006915	apoptotic process	http://purl.obolibrary.org/obo/XAO_0004514	anterior tectum
http://purl.obolibrary.org/obo/XPO_0137789	decreased apoptosis in anterior thalamic nucleus	http://purl.obolibrary.org/obo/GO_0006915	apoptotic process	http://purl.obolibrary.org/obo/XAO_0004536	anterior thalamic nucleus
http://purl.obolibrary.org/obo/XPO_0137409	decreased apoptosis in anterior ventral blood island	http://purl.obolibrary.org/obo/GO_0006915	apoptotic process	http://purl.obolibrary.org/obo/XAO_0004144	anterior ventral blood island
http://purl.obolibrary.org/obo/XPO_0137664	decreased apoptosis in anterior-proximal mesenchyme	http://purl.obolibrary.org/obo/GO_0006915	apoptotic process	http://purl.obolibrary.org/obo/XAO_0004408	anterior-proximal mesenchyme
http://purl.obolibrary.org/obo/XPO_0138074	decreased apoptosis in antero-dorsal region	http://purl.obolibrary.org/obo/GO_0006915	apoptotic process	http://purl.obolibrary.org/obo/XAO_0005221	antero-dorsal region
http://purl.obolibrary.org/obo/XPO_0138075	decreased apoptosis in antero-ventral region	http://purl.obolibrary.org/obo/GO_0006915	apoptotic process	http://purl.obolibrary.org/obo/XAO_0005222	antero-ventral region
http://purl.obolibrary.org/obo/XPO_0137534	decreased apoptosis in anterodorsal lateral line placode	http://purl.obolibrary.org/obo/GO_0006915	apoptotic process	http://purl.obolibrary.org/obo/XAO_0004269	anterodorsal lateral line placode
http://purl.obolibrary.org/obo/XPO_0137790	decreased apoptosis in anterodorsal tegmental nucleus	http://purl.obolibrary.org/obo/GO_0006915	apoptotic process	http://purl.obolibrary.org/obo/XAO_0004537	anterodorsal tegmental nucleus
http://purl.obolibrary.org/obo/XPO_0137485	decreased apoptosis in anteroventral lateral line placode	http://purl.obolibrary.org/obo/GO_0006915	apoptotic process	http://purl.obolibrary.org/obo/XAO_0004220	anteroventral lateral line placode
http://purl.obolibrary.org/obo/XPO_0137791	decreased apoptosis in anteroventral tegmental nucleus	http://purl.obolibrary.org/obo/GO_0006915	apoptotic process	http://purl.obolibrary.org/obo/XAO_0004538	anteroventral tegmental nucleus
http://purl.obolibrary.org/obo/XPO_0138023	decreased apoptosis in antrum	http://purl.obolibrary.org/obo/GO_0006915	apoptotic process	http://purl.obolibrary.org/obo/XAO_0005157	antrum
http://purl.obolibrary.org/obo/XPO_0137031	decreased apoptosis in aorta	http://purl.obolibrary.org/obo/GO_0006915	apoptotic process	http://purl.obolibrary.org/obo/XAO_0003010	aorta
http://purl.obolibrary.org/obo/XPO_0136899	decreased apoptosis in aortic arch	http://purl.obolibrary.org/obo/GO_0006915	apoptotic process	http://purl.obolibrary.org/obo/XAO_0000341	aortic arch
http://purl.obolibrary.org/obo/XPO_0136900	decreased apoptosis in aortic arch 1	http://purl.obolibrary.org/obo/GO_0006915	apoptotic process	http://purl.obolibrary.org/obo/XAO_0000342	aortic arch 1
http://purl.obolibrary.org/obo/XPO_0136901	decreased apoptosis in aortic arch 2	http://purl.obolibrary.org/obo/GO_0006915	apoptotic process	http://purl.obolibrary.org/obo/XAO_0000343	aortic arch 2
http://purl.obolibrary.org/obo/XPO_0136902	decreased apoptosis in aortic arch 3	http://purl.obolibrary.org/obo/GO_0006915	apoptotic process	http://purl.obolibrary.org/obo/XAO_0000344	aortic arch 3
http://purl.obolibrary.org/obo/XPO_0136908	decreased apoptosis in aortic arch 4	http://purl.obolibrary.org/obo/GO_0006915	apoptotic process	http://purl.obolibrary.org/obo/XAO_0000355	aortic arch 4
http://purl.obolibrary.org/obo/XPO_0136905	decreased apoptosis in aortic arch 5	http://purl.obolibrary.org/obo/GO_0006915	apoptotic process	http://purl.obolibrary.org/obo/XAO_0000352	aortic arch 5
http://purl.obolibrary.org/obo/XPO_0136906	decreased apoptosis in aortic arch 6	http://purl.obolibrary.org/obo/GO_0006915	apoptotic process	http://purl.obolibrary.org/obo/XAO_0000353	aortic arch 6
http://purl.obolibrary.org/obo/XPO_0137386	decreased apoptosis in apical ectodermal ridge	http://purl.obolibrary.org/obo/GO_0006915	apoptotic process	http://purl.obolibrary.org/obo/XAO_0004121	apical ectodermal ridge
http://purl.obolibrary.org/obo/XPO_0137657	decreased apoptosis in apical epithelial cap	http://purl.obolibrary.org/obo/GO_0006915	apoptotic process	http://purl.obolibrary.org/obo/XAO_0004401	apical epithelial cap
http://purl.obolibrary.org/obo/XPO_0137652	decreased apoptosis in apical mesenchyme	http://purl.obolibrary.org/obo/GO_0006915	apoptotic process	http://purl.obolibrary.org/obo/XAO_0004396	apical mesenchyme
http://purl.obolibrary.org/obo/XPO_0138066	decreased apoptosis in apical region	http://purl.obolibrary.org/obo/GO_0006915	apoptotic process	http://purl.obolibrary.org/obo/XAO_0005213	apical region
http://purl.obolibrary.org/obo/XPO_0137757	decreased apoptosis in apoptotic cell	http://purl.obolibrary.org/obo/GO_0006915	apoptotic process	http://purl.obolibrary.org/obo/XAO_0004501	apoptotic cell
http://purl.obolibrary.org/obo/XPO_0136803	decreased apoptosis in appendage	http://purl.obolibrary.org/obo/GO_0006915	apoptotic process	http://purl.obolibrary.org/obo/XAO_0000218	appendage
http://purl.obolibrary.org/obo/XPO_0137459	decreased apoptosis in appendicular ossicle	http://purl.obolibrary.org/obo/GO_0006915	apoptotic process	http://purl.obolibrary.org/obo/XAO_0004194	appendicular ossicle
http://purl.obolibrary.org/obo/XPO_0137170	decreased apoptosis in appendicular skeleton	http://purl.obolibrary.org/obo/GO_0006915	apoptotic process	http://purl.obolibrary.org/obo/XAO_0003166	appendicular skeleton
http://purl.obolibrary.org/obo/XPO_0136693	decreased apoptosis in archenteron floor	http://purl.obolibrary.org/obo/GO_0006915	apoptotic process	http://purl.obolibrary.org/obo/XAO_0000093	archenteron floor
http://purl.obolibrary.org/obo/XPO_0138021	decreased apoptosis in archenteron roof midline	http://purl.obolibrary.org/obo/GO_0006915	apoptotic process	http://purl.obolibrary.org/obo/XAO_0005155	archenteron roof midline
http://purl.obolibrary.org/obo/XPO_0136912	decreased apoptosis in arteria iliaca communis	http://purl.obolibrary.org/obo/GO_0006915	apoptotic process	http://purl.obolibrary.org/obo/XAO_0000361	arteria iliaca communis
http://purl.obolibrary.org/obo/XPO_0136921	decreased apoptosis in arteria mesenterica posterior	http://purl.obolibrary.org/obo/GO_0006915	apoptotic process	http://purl.obolibrary.org/obo/XAO_0000370	arteria mesenterica posterior
http://purl.obolibrary.org/obo/XPO_0136916	decreased apoptosis in arteria subclavia	http://purl.obolibrary.org/obo/GO_0006915	apoptotic process	http://purl.obolibrary.org/obo/XAO_0000365	arteria subclavia
http://purl.obolibrary.org/obo/XPO_0136910	decreased apoptosis in arterial endothelium	http://purl.obolibrary.org/obo/GO_0006915	apoptotic process	http://purl.obolibrary.org/obo/XAO_0000357	arterial endothelium
http://purl.obolibrary.org/obo/XPO_0136712	decreased apoptosis in artery	http://purl.obolibrary.org/obo/GO_0006915	apoptotic process	http://purl.obolibrary.org/obo/XAO_0000114	artery
http://purl.obolibrary.org/obo/XPO_0137538	decreased apoptosis in articular system	http://purl.obolibrary.org/obo/GO_0006915	apoptotic process	http://purl.obolibrary.org/obo/XAO_0004274	articular system
http://purl.obolibrary.org/obo/XPO_0138047	decreased apoptosis in ascending interneuron	http://purl.obolibrary.org/obo/GO_0006915	apoptotic process	http://purl.obolibrary.org/obo/XAO_0005181	ascending interneuron
http://purl.obolibrary.org/obo/XPO_0137998	decreased apoptosis in astrocyte	http://purl.obolibrary.org/obo/GO_0006915	apoptotic process	http://purl.obolibrary.org/obo/XAO_0005131	astrocyte
http://purl.obolibrary.org/obo/XPO_0137727	decreased apoptosis in atrial septum	http://purl.obolibrary.org/obo/GO_0006915	apoptotic process	http://purl.obolibrary.org/obo/XAO_0004471	atrial septum
http://purl.obolibrary.org/obo/XPO_0137388	decreased apoptosis in atrioventricular canal	http://purl.obolibrary.org/obo/GO_0006915	apoptotic process	http://purl.obolibrary.org/obo/XAO_0004123	atrioventricular canal
http://purl.obolibrary.org/obo/XPO_0137389	decreased apoptosis in atrioventricular canal endocardium	http://purl.obolibrary.org/obo/GO_0006915	apoptotic process	http://purl.obolibrary.org/obo/XAO_0004124	atrioventricular canal endocardium
http://purl.obolibrary.org/obo/XPO_0138146	decreased apoptosis in atrioventricular valve	http://purl.obolibrary.org/obo/GO_0006915	apoptotic process	http://purl.obolibrary.org/obo/XAO_0005308	atrioventricular valve
http://purl.obolibrary.org/obo/XPO_0137390	decreased apoptosis in atrioventricular valve leaflet	http://purl.obolibrary.org/obo/GO_0006915	apoptotic process	http://purl.obolibrary.org/obo/XAO_0004125	atrioventricular valve leaflet
http://purl.obolibrary.org/obo/XPO_0137270	decreased apoptosis in atypical epithelium	http://purl.obolibrary.org/obo/GO_0006915	apoptotic process	http://purl.obolibrary.org/obo/XAO_0004004	atypical epithelium
http://purl.obolibrary.org/obo/XPO_0136779	decreased apoptosis in auditory apparatus	http://purl.obolibrary.org/obo/GO_0006915	apoptotic process	http://purl.obolibrary.org/obo/XAO_0000189	auditory apparatus
http://purl.obolibrary.org/obo/XPO_0137395	decreased apoptosis in auditory hair cell	http://purl.obolibrary.org/obo/GO_0006915	apoptotic process	http://purl.obolibrary.org/obo/XAO_0004130	auditory hair cell
http://purl.obolibrary.org/obo/XPO_0136800	decreased apoptosis in auditory ossicle	http://purl.obolibrary.org/obo/GO_0006915	apoptotic process	http://purl.obolibrary.org/obo/XAO_0000214	auditory ossicle
http://purl.obolibrary.org/obo/XPO_0136799	decreased apoptosis in auditory tube	http://purl.obolibrary.org/obo/GO_0006915	apoptotic process	http://purl.obolibrary.org/obo/XAO_0000213	auditory tube
http://purl.obolibrary.org/obo/XPO_0137530	decreased apoptosis in autopod	http://purl.obolibrary.org/obo/GO_0006915	apoptotic process	http://purl.obolibrary.org/obo/XAO_0004265	autopod
http://purl.obolibrary.org/obo/XPO_0137299	decreased apoptosis in avascular GAG-rich matrix	http://purl.obolibrary.org/obo/GO_0006915	apoptotic process	http://purl.obolibrary.org/obo/XAO_0004033	avascular GAG-rich matrix
http://purl.obolibrary.org/obo/XPO_0136792	decreased apoptosis in axial mesoderm	http://purl.obolibrary.org/obo/GO_0006915	apoptotic process	http://purl.obolibrary.org/obo/XAO_0000205	axial mesoderm
http://purl.obolibrary.org/obo/XPO_0137539	decreased apoptosis in axial ossicle	http://purl.obolibrary.org/obo/GO_0006915	apoptotic process	http://purl.obolibrary.org/obo/XAO_0004275	axial ossicle
http://purl.obolibrary.org/obo/XPO_0138067	decreased apoptosis in axial region	http://purl.obolibrary.org/obo/GO_0006915	apoptotic process	http://purl.obolibrary.org/obo/XAO_0005214	axial region
http://purl.obolibrary.org/obo/XPO_0137277	decreased apoptosis in axial skeleton	http://purl.obolibrary.org/obo/GO_0006915	apoptotic process	http://purl.obolibrary.org/obo/XAO_0004011	axial skeleton
http://purl.obolibrary.org/obo/XPO_0137496	decreased apoptosis in barbel	http://purl.obolibrary.org/obo/GO_0006915	apoptotic process	http://purl.obolibrary.org/obo/XAO_0004231	barbel
http://purl.obolibrary.org/obo/XPO_0137232	decreased apoptosis in barrier cell	http://purl.obolibrary.org/obo/GO_0006915	apoptotic process	http://purl.obolibrary.org/obo/XAO_0003235	barrier cell
http://purl.obolibrary.org/obo/XPO_0137233	decreased apoptosis in barrier epithelial cell	http://purl.obolibrary.org/obo/GO_0006915	apoptotic process	http://purl.obolibrary.org/obo/XAO_0003236	barrier epithelial cell
http://purl.obolibrary.org/obo/XPO_0137792	decreased apoptosis in basal forebrain	http://purl.obolibrary.org/obo/GO_0006915	apoptotic process	http://purl.obolibrary.org/obo/XAO_0004539	basal forebrain
http://purl.obolibrary.org/obo/XPO_0137793	decreased apoptosis in basal ganglion	http://purl.obolibrary.org/obo/GO_0006915	apoptotic process	http://purl.obolibrary.org/obo/XAO_0004540	basal ganglion
http://purl.obolibrary.org/obo/XPO_0137167	decreased apoptosis in basal lamina	http://purl.obolibrary.org/obo/GO_0006915	apoptotic process	http://purl.obolibrary.org/obo/XAO_0003163	basal lamina
http://purl.obolibrary.org/obo/XPO_0138068	decreased apoptosis in basal region	http://purl.obolibrary.org/obo/GO_0006915	apoptotic process	http://purl.obolibrary.org/obo/XAO_0005215	basal region
http://purl.obolibrary.org/obo/XPO_0137619	decreased apoptosis in basihyal	http://purl.obolibrary.org/obo/GO_0006915	apoptotic process	http://purl.obolibrary.org/obo/XAO_0004358	basihyal
http://purl.obolibrary.org/obo/XPO_0137150	decreased apoptosis in basilar papilla	http://purl.obolibrary.org/obo/GO_0006915	apoptotic process	http://purl.obolibrary.org/obo/XAO_0003145	basilar papilla
http://purl.obolibrary.org/obo/XPO_0137794	decreased apoptosis in bed nucleus of the stria terminalis	http://purl.obolibrary.org/obo/GO_0006915	apoptotic process	http://purl.obolibrary.org/obo/XAO_0004541	bed nucleus of the stria terminalis
http://purl.obolibrary.org/obo/XPO_0138031	decreased apoptosis in beta cell	http://purl.obolibrary.org/obo/GO_0006915	apoptotic process	http://purl.obolibrary.org/obo/XAO_0005165	beta cell
http://purl.obolibrary.org/obo/XPO_0136731	decreased apoptosis in bile duct	http://purl.obolibrary.org/obo/GO_0006915	apoptotic process	http://purl.obolibrary.org/obo/XAO_0000134	bile duct
http://purl.obolibrary.org/obo/XPO_0136990	decreased apoptosis in biliary tree	http://purl.obolibrary.org/obo/GO_0006915	apoptotic process	http://purl.obolibrary.org/obo/XAO_0000455	biliary tree
http://purl.obolibrary.org/obo/XPO_0137363	decreased apoptosis in bipolar neuron	http://purl.obolibrary.org/obo/GO_0006915	apoptotic process	http://purl.obolibrary.org/obo/XAO_0004098	bipolar neuron
http://purl.obolibrary.org/obo/XPO_0136746	decreased apoptosis in bladder	http://purl.obolibrary.org/obo/GO_0006915	apoptotic process	http://purl.obolibrary.org/obo/XAO_0000154	bladder
http://purl.obolibrary.org/obo/XPO_0137326	decreased apoptosis in blastema	http://purl.obolibrary.org/obo/GO_0006915	apoptotic process	http://purl.obolibrary.org/obo/XAO_0004060	blastema
http://purl.obolibrary.org/obo/XPO_0136793	decreased apoptosis in blastocoel anlage	http://purl.obolibrary.org/obo/GO_0006915	apoptotic process	http://purl.obolibrary.org/obo/XAO_0000206	blastocoel anlage
http://purl.obolibrary.org/obo/XPO_0137772	decreased apoptosis in blastocoel floor	http://purl.obolibrary.org/obo/GO_0006915	apoptotic process	http://purl.obolibrary.org/obo/XAO_0004516	blastocoel floor
http://purl.obolibrary.org/obo/XPO_0136794	decreased apoptosis in blastocoel roof	http://purl.obolibrary.org/obo/GO_0006915	apoptotic process	http://purl.obolibrary.org/obo/XAO_0000207	blastocoel roof
http://purl.obolibrary.org/obo/XPO_0137037	decreased apoptosis in blastomere	http://purl.obolibrary.org/obo/GO_0006915	apoptotic process	http://purl.obolibrary.org/obo/XAO_0003016	blastomere
http://purl.obolibrary.org/obo/XPO_0137951	decreased apoptosis in blastomere D1	http://purl.obolibrary.org/obo/GO_0006915	apoptotic process	http://purl.obolibrary.org/obo/XAO_0005084	blastomere D1
http://purl.obolibrary.org/obo/XPO_0137955	decreased apoptosis in blastomere D1.1	http://purl.obolibrary.org/obo/GO_0006915	apoptotic process	http://purl.obolibrary.org/obo/XAO_0005088	blastomere D1.1
http://purl.obolibrary.org/obo/XPO_0137963	decreased apoptosis in blastomere D1.1.1	http://purl.obolibrary.org/obo/GO_0006915	apoptotic process	http://purl.obolibrary.org/obo/XAO_0005096	blastomere D1.1.1
http://purl.obolibrary.org/obo/XPO_0137964	decreased apoptosis in blastomere D1.1.2	http://purl.obolibrary.org/obo/GO_0006915	apoptotic process	http://purl.obolibrary.org/obo/XAO_0005097	blastomere D1.1.2
http://purl.obolibrary.org/obo/XPO_0137956	decreased apoptosis in blastomere D1.2	http://purl.obolibrary.org/obo/GO_0006915	apoptotic process	http://purl.obolibrary.org/obo/XAO_0005089	blastomere D1.2
http://purl.obolibrary.org/obo/XPO_0137965	decreased apoptosis in blastomere D1.2.1	http://purl.obolibrary.org/obo/GO_0006915	apoptotic process	http://purl.obolibrary.org/obo/XAO_0005098	blastomere D1.2.1
http://purl.obolibrary.org/obo/XPO_0137966	decreased apoptosis in blastomere D1.2.2	http://purl.obolibrary.org/obo/GO_0006915	apoptotic process	http://purl.obolibrary.org/obo/XAO_0005099	blastomere D1.2.2
http://purl.obolibrary.org/obo/XPO_0137952	decreased apoptosis in blastomere D2	http://purl.obolibrary.org/obo/GO_0006915	apoptotic process	http://purl.obolibrary.org/obo/XAO_0005085	blastomere D2
http://purl.obolibrary.org/obo/XPO_0137957	decreased apoptosis in blastomere D2.1	http://purl.obolibrary.org/obo/GO_0006915	apoptotic process	http://purl.obolibrary.org/obo/XAO_0005090	blastomere D2.1
http://purl.obolibrary.org/obo/XPO_0137967	decreased apoptosis in blastomere D2.1.1	http://purl.obolibrary.org/obo/GO_0006915	apoptotic process	http://purl.obolibrary.org/obo/XAO_0005100	blastomere D2.1.1
http://purl.obolibrary.org/obo/XPO_0137968	decreased apoptosis in blastomere D2.1.2	http://purl.obolibrary.org/obo/GO_0006915	apoptotic process	http://purl.obolibrary.org/obo/XAO_0005101	blastomere D2.1.2
http://purl.obolibrary.org/obo/XPO_0137958	decreased apoptosis in blastomere D2.2	http://purl.obolibrary.org/obo/GO_0006915	apoptotic process	http://purl.obolibrary.org/obo/XAO_0005091	blastomere D2.2
http://purl.obolibrary.org/obo/XPO_0137969	decreased apoptosis in blastomere D2.2.1	http://purl.obolibrary.org/obo/GO_0006915	apoptotic process	http://purl.obolibrary.org/obo/XAO_0005102	blastomere D2.2.1
http://purl.obolibrary.org/obo/XPO_0137970	decreased apoptosis in blastomere D2.2.2	http://purl.obolibrary.org/obo/GO_0006915	apoptotic process	http://purl.obolibrary.org/obo/XAO_0005103	blastomere D2.2.2
http://purl.obolibrary.org/obo/XPO_0137953	decreased apoptosis in blastomere V1	http://purl.obolibrary.org/obo/GO_0006915	apoptotic process	http://purl.obolibrary.org/obo/XAO_0005086	blastomere V1
http://purl.obolibrary.org/obo/XPO_0137959	decreased apoptosis in blastomere V1.1	http://purl.obolibrary.org/obo/GO_0006915	apoptotic process	http://purl.obolibrary.org/obo/XAO_0005092	blastomere V1.1
http://purl.obolibrary.org/obo/XPO_0137971	decreased apoptosis in blastomere V1.1.1	http://purl.obolibrary.org/obo/GO_0006915	apoptotic process	http://purl.obolibrary.org/obo/XAO_0005104	blastomere V1.1.1
http://purl.obolibrary.org/obo/XPO_0137972	decreased apoptosis in blastomere V1.1.2	http://purl.obolibrary.org/obo/GO_0006915	apoptotic process	http://purl.obolibrary.org/obo/XAO_0005105	blastomere V1.1.2
http://purl.obolibrary.org/obo/XPO_0137960	decreased apoptosis in blastomere V1.2	http://purl.obolibrary.org/obo/GO_0006915	apoptotic process	http://purl.obolibrary.org/obo/XAO_0005093	blastomere V1.2
http://purl.obolibrary.org/obo/XPO_0137973	decreased apoptosis in blastomere V1.2.1	http://purl.obolibrary.org/obo/GO_0006915	apoptotic process	http://purl.obolibrary.org/obo/XAO_0005106	blastomere V1.2.1
http://purl.obolibrary.org/obo/XPO_0137974	decreased apoptosis in blastomere V1.2.2	http://purl.obolibrary.org/obo/GO_0006915	apoptotic process	http://purl.obolibrary.org/obo/XAO_0005107	blastomere V1.2.2
http://purl.obolibrary.org/obo/XPO_0137954	decreased apoptosis in blastomere V2	http://purl.obolibrary.org/obo/GO_0006915	apoptotic process	http://purl.obolibrary.org/obo/XAO_0005087	blastomere V2
http://purl.obolibrary.org/obo/XPO_0137961	decreased apoptosis in blastomere V2.1	http://purl.obolibrary.org/obo/GO_0006915	apoptotic process	http://purl.obolibrary.org/obo/XAO_0005094	blastomere V2.1
http://purl.obolibrary.org/obo/XPO_0137975	decreased apoptosis in blastomere V2.1.1	http://purl.obolibrary.org/obo/GO_0006915	apoptotic process	http://purl.obolibrary.org/obo/XAO_0005108	blastomere V2.1.1
http://purl.obolibrary.org/obo/XPO_0137976	decreased apoptosis in blastomere V2.1.2	http://purl.obolibrary.org/obo/GO_0006915	apoptotic process	http://purl.obolibrary.org/obo/XAO_0005109	blastomere V2.1.2
http://purl.obolibrary.org/obo/XPO_0137962	decreased apoptosis in blastomere V2.2	http://purl.obolibrary.org/obo/GO_0006915	apoptotic process	http://purl.obolibrary.org/obo/XAO_0005095	blastomere V2.2
http://purl.obolibrary.org/obo/XPO_0137977	decreased apoptosis in blastomere V2.2.1	http://purl.obolibrary.org/obo/GO_0006915	apoptotic process	http://purl.obolibrary.org/obo/XAO_0005110	blastomere V2.2.1
http://purl.obolibrary.org/obo/XPO_0137978	decreased apoptosis in blastomere V2.2.2	http://purl.obolibrary.org/obo/GO_0006915	apoptotic process	http://purl.obolibrary.org/obo/XAO_0005111	blastomere V2.2.2
http://purl.obolibrary.org/obo/XPO_0136795	decreased apoptosis in blastopore	http://purl.obolibrary.org/obo/GO_0006915	apoptotic process	http://purl.obolibrary.org/obo/XAO_0000208	blastopore
http://purl.obolibrary.org/obo/XPO_0136679	decreased apoptosis in blastopore lip	http://purl.obolibrary.org/obo/GO_0006915	apoptotic process	http://purl.obolibrary.org/obo/XAO_0000078	blastopore lip
http://purl.obolibrary.org/obo/XPO_0136722	decreased apoptosis in blood	http://purl.obolibrary.org/obo/GO_0006915	apoptotic process	http://purl.obolibrary.org/obo/XAO_0000124	blood
http://purl.obolibrary.org/obo/XPO_0137010	decreased apoptosis in blood vessel	http://purl.obolibrary.org/obo/GO_0006915	apoptotic process	http://purl.obolibrary.org/obo/XAO_0001011	blood vessel
http://purl.obolibrary.org/obo/XPO_0137540	decreased apoptosis in bone element	http://purl.obolibrary.org/obo/GO_0006915	apoptotic process	http://purl.obolibrary.org/obo/XAO_0004276	bone element
http://purl.obolibrary.org/obo/XPO_0136721	decreased apoptosis in bone marrow	http://purl.obolibrary.org/obo/GO_0006915	apoptotic process	http://purl.obolibrary.org/obo/XAO_0000123	bone marrow
http://purl.obolibrary.org/obo/XPO_0136760	decreased apoptosis in bone tissue	http://purl.obolibrary.org/obo/GO_0006915	apoptotic process	http://purl.obolibrary.org/obo/XAO_0000169	bone tissue
http://purl.obolibrary.org/obo/XPO_0136678	decreased apoptosis in bottle cell	http://purl.obolibrary.org/obo/GO_0006915	apoptotic process	http://purl.obolibrary.org/obo/XAO_0000077	bottle cell
http://purl.obolibrary.org/obo/XPO_0136617	decreased apoptosis in brain	http://purl.obolibrary.org/obo/GO_0006915	apoptotic process	http://purl.obolibrary.org/obo/XAO_0000010	brain
http://purl.obolibrary.org/obo/XPO_0137090	decreased apoptosis in braincase and otic capsule skeleton	http://purl.obolibrary.org/obo/GO_0006915	apoptotic process	http://purl.obolibrary.org/obo/XAO_0003083	braincase and otic capsule skeleton
http://purl.obolibrary.org/obo/XPO_0136699	decreased apoptosis in branchial arch	http://purl.obolibrary.org/obo/GO_0006915	apoptotic process	http://purl.obolibrary.org/obo/XAO_0000099	branchial arch
http://purl.obolibrary.org/obo/XPO_0136983	decreased apoptosis in branchial arch 1	http://purl.obolibrary.org/obo/GO_0006915	apoptotic process	http://purl.obolibrary.org/obo/XAO_0000447	branchial arch 1
http://purl.obolibrary.org/obo/XPO_0136985	decreased apoptosis in branchial arch 2	http://purl.obolibrary.org/obo/GO_0006915	apoptotic process	http://purl.obolibrary.org/obo/XAO_0000449	branchial arch 2
http://purl.obolibrary.org/obo/XPO_0136986	decreased apoptosis in branchial arch 3	http://purl.obolibrary.org/obo/GO_0006915	apoptotic process	http://purl.obolibrary.org/obo/XAO_0000451	branchial arch 3
http://purl.obolibrary.org/obo/XPO_0136988	decreased apoptosis in branchial arch 4	http://purl.obolibrary.org/obo/GO_0006915	apoptotic process	http://purl.obolibrary.org/obo/XAO_0000453	branchial arch 4
http://purl.obolibrary.org/obo/XPO_0137182	decreased apoptosis in branchial arch skeleton	http://purl.obolibrary.org/obo/GO_0006915	apoptotic process	http://purl.obolibrary.org/obo/XAO_0003180	branchial arch skeleton
http://purl.obolibrary.org/obo/XPO_0137183	decreased apoptosis in branchial arch skeleton 1	http://purl.obolibrary.org/obo/GO_0006915	apoptotic process	http://purl.obolibrary.org/obo/XAO_0003181	branchial arch skeleton 1
http://purl.obolibrary.org/obo/XPO_0137184	decreased apoptosis in branchial arch skeleton 2	http://purl.obolibrary.org/obo/GO_0006915	apoptotic process	http://purl.obolibrary.org/obo/XAO_0003182	branchial arch skeleton 2
http://purl.obolibrary.org/obo/XPO_0137185	decreased apoptosis in branchial arch skeleton 3	http://purl.obolibrary.org/obo/GO_0006915	apoptotic process	http://purl.obolibrary.org/obo/XAO_0003183	branchial arch skeleton 3
http://purl.obolibrary.org/obo/XPO_0137186	decreased apoptosis in branchial arch skeleton 4	http://purl.obolibrary.org/obo/GO_0006915	apoptotic process	http://purl.obolibrary.org/obo/XAO_0003184	branchial arch skeleton 4
http://purl.obolibrary.org/obo/XPO_0137642	decreased apoptosis in branchial basket	http://purl.obolibrary.org/obo/GO_0006915	apoptotic process	http://purl.obolibrary.org/obo/XAO_0004385	branchial basket
http://purl.obolibrary.org/obo/XPO_0136632	decreased apoptosis in branchial crest	http://purl.obolibrary.org/obo/GO_0006915	apoptotic process	http://purl.obolibrary.org/obo/XAO_0000026	branchial crest
http://purl.obolibrary.org/obo/XPO_0137588	decreased apoptosis in branchial head muscle	http://purl.obolibrary.org/obo/GO_0006915	apoptotic process	http://purl.obolibrary.org/obo/XAO_0004325	branchial head muscle
http://purl.obolibrary.org/obo/XPO_0137505	decreased apoptosis in branchial vein	http://purl.obolibrary.org/obo/GO_0006915	apoptotic process	http://purl.obolibrary.org/obo/XAO_0004240	branchial vein
http://purl.obolibrary.org/obo/XPO_0136719	decreased apoptosis in bronchus	http://purl.obolibrary.org/obo/GO_0006915	apoptotic process	http://purl.obolibrary.org/obo/XAO_0000121	bronchus
http://purl.obolibrary.org/obo/XPO_0138129	decreased apoptosis in buccopharyngeal membrane	http://purl.obolibrary.org/obo/GO_0006915	apoptotic process	http://purl.obolibrary.org/obo/XAO_0005291	buccopharyngeal membrane
http://purl.obolibrary.org/obo/XPO_0137499	decreased apoptosis in bulbous arteriosis	http://purl.obolibrary.org/obo/GO_0006915	apoptotic process	http://purl.obolibrary.org/obo/XAO_0004234	bulbous arteriosis
http://purl.obolibrary.org/obo/XPO_0136714	decreased apoptosis in capillary	http://purl.obolibrary.org/obo/GO_0006915	apoptotic process	http://purl.obolibrary.org/obo/XAO_0000116	capillary
http://purl.obolibrary.org/obo/XPO_0136927	decreased apoptosis in capillary system of liver	http://purl.obolibrary.org/obo/GO_0006915	apoptotic process	http://purl.obolibrary.org/obo/XAO_0000377	capillary system of liver
http://purl.obolibrary.org/obo/XPO_0138025	decreased apoptosis in cardia	http://purl.obolibrary.org/obo/GO_0006915	apoptotic process	http://purl.obolibrary.org/obo/XAO_0005159	cardia
http://purl.obolibrary.org/obo/XPO_0138064	decreased apoptosis in cardiac atrium	http://purl.obolibrary.org/obo/GO_0006915	apoptotic process	http://purl.obolibrary.org/obo/XAO_0005198	cardiac atrium
http://purl.obolibrary.org/obo/XPO_0137385	decreased apoptosis in cardiac jelly	http://purl.obolibrary.org/obo/GO_0006915	apoptotic process	http://purl.obolibrary.org/obo/XAO_0004120	cardiac jelly
http://purl.obolibrary.org/obo/XPO_0136817	decreased apoptosis in cardiac mesoderm	http://purl.obolibrary.org/obo/GO_0006915	apoptotic process	http://purl.obolibrary.org/obo/XAO_0000235	cardiac mesoderm
http://purl.obolibrary.org/obo/XPO_0137446	decreased apoptosis in cardiac myocyte	http://purl.obolibrary.org/obo/GO_0006915	apoptotic process	http://purl.obolibrary.org/obo/XAO_0004181	cardiac myocyte
http://purl.obolibrary.org/obo/XPO_0137455	decreased apoptosis in cardiac neural crest	http://purl.obolibrary.org/obo/GO_0006915	apoptotic process	http://purl.obolibrary.org/obo/XAO_0004190	cardiac neural crest
http://purl.obolibrary.org/obo/XPO_0137264	decreased apoptosis in cardiac progenitor cell	http://purl.obolibrary.org/obo/GO_0006915	apoptotic process	http://purl.obolibrary.org/obo/XAO_0003268	cardiac progenitor cell
http://purl.obolibrary.org/obo/XPO_0137391	decreased apoptosis in cardiac valve	http://purl.obolibrary.org/obo/GO_0006915	apoptotic process	http://purl.obolibrary.org/obo/XAO_0004126	cardiac valve
http://purl.obolibrary.org/obo/XPO_0137190	decreased apoptosis in cardiac ventricle	http://purl.obolibrary.org/obo/GO_0006915	apoptotic process	http://purl.obolibrary.org/obo/XAO_0003193	cardiac ventricle
http://purl.obolibrary.org/obo/XPO_0136657	decreased apoptosis in cardinal vein	http://purl.obolibrary.org/obo/GO_0006915	apoptotic process	http://purl.obolibrary.org/obo/XAO_0000052	cardinal vein
http://purl.obolibrary.org/obo/XPO_0136700	decreased apoptosis in cardiovascular system	http://purl.obolibrary.org/obo/GO_0006915	apoptotic process	http://purl.obolibrary.org/obo/XAO_0000100	cardiovascular system
http://purl.obolibrary.org/obo/XPO_0137204	decreased apoptosis in carpus	http://purl.obolibrary.org/obo/GO_0006915	apoptotic process	http://purl.obolibrary.org/obo/XAO_0003207	carpus
http://purl.obolibrary.org/obo/XPO_0137279	decreased apoptosis in cartilage element	http://purl.obolibrary.org/obo/GO_0006915	apoptotic process	http://purl.obolibrary.org/obo/XAO_0004013	cartilage element
http://purl.obolibrary.org/obo/XPO_0136761	decreased apoptosis in cartilage tissue	http://purl.obolibrary.org/obo/GO_0006915	apoptotic process	http://purl.obolibrary.org/obo/XAO_0000170	cartilage tissue
http://purl.obolibrary.org/obo/XPO_0137288	decreased apoptosis in cartilaginous condensation	http://purl.obolibrary.org/obo/GO_0006915	apoptotic process	http://purl.obolibrary.org/obo/XAO_0004022	cartilaginous condensation
http://purl.obolibrary.org/obo/XPO_0136915	decreased apoptosis in caudal artery	http://purl.obolibrary.org/obo/GO_0006915	apoptotic process	http://purl.obolibrary.org/obo/XAO_0000364	caudal artery
http://purl.obolibrary.org/obo/XPO_0137541	decreased apoptosis in caudal fin skeleton	http://purl.obolibrary.org/obo/GO_0006915	apoptotic process	http://purl.obolibrary.org/obo/XAO_0004277	caudal fin skeleton
http://purl.obolibrary.org/obo/XPO_0136999	decreased apoptosis in caudal lateral line	http://purl.obolibrary.org/obo/GO_0006915	apoptotic process	http://purl.obolibrary.org/obo/XAO_0000465	caudal lateral line
http://purl.obolibrary.org/obo/XPO_0138091	decreased apoptosis in caudal notochord	http://purl.obolibrary.org/obo/GO_0006915	apoptotic process	http://purl.obolibrary.org/obo/XAO_0005239	caudal notochord
http://purl.obolibrary.org/obo/XPO_0137860	decreased apoptosis in caudal presomitic mesoderm	http://purl.obolibrary.org/obo/GO_0006915	apoptotic process	http://purl.obolibrary.org/obo/XAO_0004619	caudal presomitic mesoderm
http://purl.obolibrary.org/obo/XPO_0137914	decreased apoptosis in caudal tuberal region	http://purl.obolibrary.org/obo/GO_0006915	apoptotic process	http://purl.obolibrary.org/obo/XAO_0005046	caudal tuberal region
http://purl.obolibrary.org/obo/XPO_0136938	decreased apoptosis in caudal vein	http://purl.obolibrary.org/obo/GO_0006915	apoptotic process	http://purl.obolibrary.org/obo/XAO_0000390	caudal vein
http://purl.obolibrary.org/obo/XPO_0137087	decreased apoptosis in caudal vertebra	http://purl.obolibrary.org/obo/GO_0006915	apoptotic process	http://purl.obolibrary.org/obo/XAO_0003079	caudal vertebra
http://purl.obolibrary.org/obo/XPO_0137169	decreased apoptosis in cavitated compound organ	http://purl.obolibrary.org/obo/GO_0006915	apoptotic process	http://purl.obolibrary.org/obo/XAO_0003165	cavitated compound organ
http://purl.obolibrary.org/obo/XPO_0137033	decreased apoptosis in cell	http://purl.obolibrary.org/obo/GO_0006915	apoptotic process	http://purl.obolibrary.org/obo/XAO_0003012	cell
http://purl.obolibrary.org/obo/XPO_0137898	decreased apoptosis in cell body layer of the optic tectum	http://purl.obolibrary.org/obo/GO_0006915	apoptotic process	http://purl.obolibrary.org/obo/XAO_0005030	cell body layer of the optic tectum
http://purl.obolibrary.org/obo/XPO_0137287	decreased apoptosis in cell condensation	http://purl.obolibrary.org/obo/GO_0006915	apoptotic process	http://purl.obolibrary.org/obo/XAO_0004021	cell condensation
http://purl.obolibrary.org/obo/XPO_0137460	decreased apoptosis in cellular bone tissue	http://purl.obolibrary.org/obo/GO_0006915	apoptotic process	http://purl.obolibrary.org/obo/XAO_0004195	cellular bone tissue
http://purl.obolibrary.org/obo/XPO_0136639	decreased apoptosis in cement gland	http://purl.obolibrary.org/obo/GO_0006915	apoptotic process	http://purl.obolibrary.org/obo/XAO_0000033	cement gland
http://purl.obolibrary.org/obo/XPO_0136654	decreased apoptosis in cement gland primordium	http://purl.obolibrary.org/obo/GO_0006915	apoptotic process	http://purl.obolibrary.org/obo/XAO_0000049	cement gland primordium
http://purl.obolibrary.org/obo/XPO_0137234	decreased apoptosis in cementoblast	http://purl.obolibrary.org/obo/GO_0006915	apoptotic process	http://purl.obolibrary.org/obo/XAO_0003237	cementoblast
http://purl.obolibrary.org/obo/XPO_0137461	decreased apoptosis in cementum	http://purl.obolibrary.org/obo/GO_0006915	apoptotic process	http://purl.obolibrary.org/obo/XAO_0004196	cementum
http://purl.obolibrary.org/obo/XPO_0137795	decreased apoptosis in central amygdala	http://purl.obolibrary.org/obo/GO_0006915	apoptotic process	http://purl.obolibrary.org/obo/XAO_0004542	central amygdala
http://purl.obolibrary.org/obo/XPO_0137796	decreased apoptosis in central canal	http://purl.obolibrary.org/obo/GO_0006915	apoptotic process	http://purl.obolibrary.org/obo/XAO_0004543	central canal
http://purl.obolibrary.org/obo/XPO_0136869	decreased apoptosis in central endoderm	http://purl.obolibrary.org/obo/GO_0006915	apoptotic process	http://purl.obolibrary.org/obo/XAO_0000295	central endoderm
http://purl.obolibrary.org/obo/XPO_0136801	decreased apoptosis in central nervous system	http://purl.obolibrary.org/obo/GO_0006915	apoptotic process	http://purl.obolibrary.org/obo/XAO_0000215	central nervous system
http://purl.obolibrary.org/obo/XPO_0137797	decreased apoptosis in central nucleus of the thalamus	http://purl.obolibrary.org/obo/GO_0006915	apoptotic process	http://purl.obolibrary.org/obo/XAO_0004544	central nucleus of the thalamus
http://purl.obolibrary.org/obo/XPO_0137680	decreased apoptosis in central retina	http://purl.obolibrary.org/obo/GO_0006915	apoptotic process	http://purl.obolibrary.org/obo/XAO_0004424	central retina
http://purl.obolibrary.org/obo/XPO_0137651	decreased apoptosis in central vegetal yolk mass	http://purl.obolibrary.org/obo/GO_0006915	apoptotic process	http://purl.obolibrary.org/obo/XAO_0004395	central vegetal yolk mass
http://purl.obolibrary.org/obo/XPO_0138147	decreased apoptosis in cephalic nerve	http://purl.obolibrary.org/obo/GO_0006915	apoptotic process	http://purl.obolibrary.org/obo/XAO_0005309	cephalic nerve
http://purl.obolibrary.org/obo/XPO_0137620	decreased apoptosis in ceratobranchial I	http://purl.obolibrary.org/obo/GO_0006915	apoptotic process	http://purl.obolibrary.org/obo/XAO_0004359	ceratobranchial I
http://purl.obolibrary.org/obo/XPO_0137621	decreased apoptosis in ceratobranchial II	http://purl.obolibrary.org/obo/GO_0006915	apoptotic process	http://purl.obolibrary.org/obo/XAO_0004360	ceratobranchial II
http://purl.obolibrary.org/obo/XPO_0137622	decreased apoptosis in ceratobranchial III	http://purl.obolibrary.org/obo/GO_0006915	apoptotic process	http://purl.obolibrary.org/obo/XAO_0004361	ceratobranchial III
http://purl.obolibrary.org/obo/XPO_0137623	decreased apoptosis in ceratobranchial IV	http://purl.obolibrary.org/obo/GO_0006915	apoptotic process	http://purl.obolibrary.org/obo/XAO_0004362	ceratobranchial IV
http://purl.obolibrary.org/obo/XPO_0137484	decreased apoptosis in ceratohyal	http://purl.obolibrary.org/obo/GO_0006915	apoptotic process	http://purl.obolibrary.org/obo/XAO_0004219	ceratohyal
http://purl.obolibrary.org/obo/XPO_0137104	decreased apoptosis in cerebellum	http://purl.obolibrary.org/obo/GO_0006915	apoptotic process	http://purl.obolibrary.org/obo/XAO_0003098	cerebellum
http://purl.obolibrary.org/obo/XPO_0136918	decreased apoptosis in cerebral artery	http://purl.obolibrary.org/obo/GO_0006915	apoptotic process	http://purl.obolibrary.org/obo/XAO_0000367	cerebral artery
http://purl.obolibrary.org/obo/XPO_0137425	decreased apoptosis in cerebral vein	http://purl.obolibrary.org/obo/GO_0006915	apoptotic process	http://purl.obolibrary.org/obo/XAO_0004160	cerebral vein
http://purl.obolibrary.org/obo/XPO_0137084	decreased apoptosis in cervical vertebra	http://purl.obolibrary.org/obo/GO_0006915	apoptotic process	http://purl.obolibrary.org/obo/XAO_0003076	cervical vertebra
http://purl.obolibrary.org/obo/XPO_0137235	decreased apoptosis in chondroblast	http://purl.obolibrary.org/obo/GO_0006915	apoptotic process	http://purl.obolibrary.org/obo/XAO_0003238	chondroblast
http://purl.obolibrary.org/obo/XPO_0137073	decreased apoptosis in chondrocranium	http://purl.obolibrary.org/obo/GO_0006915	apoptotic process	http://purl.obolibrary.org/obo/XAO_0003059	chondrocranium
http://purl.obolibrary.org/obo/XPO_0137202	decreased apoptosis in chondrocyte	http://purl.obolibrary.org/obo/GO_0006915	apoptotic process	http://purl.obolibrary.org/obo/XAO_0003205	chondrocyte
http://purl.obolibrary.org/obo/XPO_0136651	decreased apoptosis in chordal neural plate	http://purl.obolibrary.org/obo/GO_0006915	apoptotic process	http://purl.obolibrary.org/obo/XAO_0000046	chordal neural plate
http://purl.obolibrary.org/obo/XPO_0137368	decreased apoptosis in chordal neural plate border	http://purl.obolibrary.org/obo/GO_0006915	apoptotic process	http://purl.obolibrary.org/obo/XAO_0004103	chordal neural plate border
http://purl.obolibrary.org/obo/XPO_0136707	decreased apoptosis in chordoneural hinge	http://purl.obolibrary.org/obo/GO_0006915	apoptotic process	http://purl.obolibrary.org/obo/XAO_0000108	chordoneural hinge
http://purl.obolibrary.org/obo/XPO_0137716	decreased apoptosis in choroid	http://purl.obolibrary.org/obo/GO_0006915	apoptotic process	http://purl.obolibrary.org/obo/XAO_0004460	choroid
http://purl.obolibrary.org/obo/XPO_0137005	decreased apoptosis in choroid fissure	http://purl.obolibrary.org/obo/GO_0006915	apoptotic process	http://purl.obolibrary.org/obo/XAO_0000474	choroid fissure
http://purl.obolibrary.org/obo/XPO_0136776	decreased apoptosis in ciliary body	http://purl.obolibrary.org/obo/GO_0006915	apoptotic process	http://purl.obolibrary.org/obo/XAO_0000186	ciliary body
http://purl.obolibrary.org/obo/XPO_0136687	decreased apoptosis in ciliary marginal zone	http://purl.obolibrary.org/obo/GO_0006915	apoptotic process	http://purl.obolibrary.org/obo/XAO_0000086	ciliary marginal zone
http://purl.obolibrary.org/obo/XPO_0137885	decreased apoptosis in ciliated cell	http://purl.obolibrary.org/obo/GO_0006915	apoptotic process	http://purl.obolibrary.org/obo/XAO_0005017	ciliated cell
http://purl.obolibrary.org/obo/XPO_0136637	decreased apoptosis in ciliated epidermal cell	http://purl.obolibrary.org/obo/GO_0006915	apoptotic process	http://purl.obolibrary.org/obo/XAO_0000031	ciliated epidermal cell
http://purl.obolibrary.org/obo/XPO_0137773	decreased apoptosis in ciliated non-epidermal cell	http://purl.obolibrary.org/obo/GO_0006915	apoptotic process	http://purl.obolibrary.org/obo/XAO_0004517	ciliated non-epidermal cell
http://purl.obolibrary.org/obo/XPO_0137236	decreased apoptosis in circulating cell	http://purl.obolibrary.org/obo/GO_0006915	apoptotic process	http://purl.obolibrary.org/obo/XAO_0003239	circulating cell
http://purl.obolibrary.org/obo/XPO_0137009	decreased apoptosis in circulatory system	http://purl.obolibrary.org/obo/GO_0006915	apoptotic process	http://purl.obolibrary.org/obo/XAO_0001010	circulatory system
http://purl.obolibrary.org/obo/XPO_0136683	decreased apoptosis in circumblastoporal collar	http://purl.obolibrary.org/obo/GO_0006915	apoptotic process	http://purl.obolibrary.org/obo/XAO_0000082	circumblastoporal collar
http://purl.obolibrary.org/obo/XPO_0137717	decreased apoptosis in circumpharyngeal ridge	http://purl.obolibrary.org/obo/GO_0006915	apoptotic process	http://purl.obolibrary.org/obo/XAO_0004461	circumpharyngeal ridge
http://purl.obolibrary.org/obo/XPO_0137108	decreased apoptosis in claw	http://purl.obolibrary.org/obo/GO_0006915	apoptotic process	http://purl.obolibrary.org/obo/XAO_0003103	claw
http://purl.obolibrary.org/obo/XPO_0137673	decreased apoptosis in claw of hindlimb digit 1	http://purl.obolibrary.org/obo/GO_0006915	apoptotic process	http://purl.obolibrary.org/obo/XAO_0004417	claw of hindlimb digit 1
http://purl.obolibrary.org/obo/XPO_0137674	decreased apoptosis in claw of hindlimb digit 2	http://purl.obolibrary.org/obo/GO_0006915	apoptotic process	http://purl.obolibrary.org/obo/XAO_0004418	claw of hindlimb digit 2
http://purl.obolibrary.org/obo/XPO_0137675	decreased apoptosis in claw of hindlimb digit 3	http://purl.obolibrary.org/obo/GO_0006915	apoptotic process	http://purl.obolibrary.org/obo/XAO_0004419	claw of hindlimb digit 3
http://purl.obolibrary.org/obo/XPO_0137676	decreased apoptosis in claw of hindlimb digit 4	http://purl.obolibrary.org/obo/GO_0006915	apoptotic process	http://purl.obolibrary.org/obo/XAO_0004420	claw of hindlimb digit 4
http://purl.obolibrary.org/obo/XPO_0137677	decreased apoptosis in claw of hindlimb digit 5	http://purl.obolibrary.org/obo/GO_0006915	apoptotic process	http://purl.obolibrary.org/obo/XAO_0004421	claw of hindlimb digit 5
http://purl.obolibrary.org/obo/XPO_0137672	decreased apoptosis in claw primordium	http://purl.obolibrary.org/obo/GO_0006915	apoptotic process	http://purl.obolibrary.org/obo/XAO_0004416	claw primordium
http://purl.obolibrary.org/obo/XPO_0137748	decreased apoptosis in cleavage furrow	http://purl.obolibrary.org/obo/GO_0006915	apoptotic process	http://purl.obolibrary.org/obo/XAO_0004492	cleavage furrow
http://purl.obolibrary.org/obo/XPO_0136826	decreased apoptosis in cloaca	http://purl.obolibrary.org/obo/GO_0006915	apoptotic process	http://purl.obolibrary.org/obo/XAO_0000244	cloaca
http://purl.obolibrary.org/obo/XPO_0138084	decreased apoptosis in cloacal sphincter	http://purl.obolibrary.org/obo/GO_0006915	apoptotic process	http://purl.obolibrary.org/obo/XAO_0005231	cloacal sphincter
http://purl.obolibrary.org/obo/XPO_0136913	decreased apoptosis in coeliaco-mesenteric artery	http://purl.obolibrary.org/obo/GO_0006915	apoptotic process	http://purl.obolibrary.org/obo/XAO_0000362	coeliaco-mesenteric artery
http://purl.obolibrary.org/obo/XPO_0136888	decreased apoptosis in coelomic epithelium	http://purl.obolibrary.org/obo/GO_0006915	apoptotic process	http://purl.obolibrary.org/obo/XAO_0000329	coelomic epithelium
http://purl.obolibrary.org/obo/XPO_0136825	decreased apoptosis in colon	http://purl.obolibrary.org/obo/GO_0006915	apoptotic process	http://purl.obolibrary.org/obo/XAO_0000243	colon
http://purl.obolibrary.org/obo/XPO_0138049	decreased apoptosis in commissural interneuron	http://purl.obolibrary.org/obo/GO_0006915	apoptotic process	http://purl.obolibrary.org/obo/XAO_0005183	commissural interneuron
http://purl.obolibrary.org/obo/XPO_0137624	decreased apoptosis in commisura quadratocranialis anterior	http://purl.obolibrary.org/obo/GO_0006915	apoptotic process	http://purl.obolibrary.org/obo/XAO_0004363	commisura quadratocranialis anterior
http://purl.obolibrary.org/obo/XPO_0137059	decreased apoptosis in compound organ	http://purl.obolibrary.org/obo/GO_0006915	apoptotic process	http://purl.obolibrary.org/obo/XAO_0003041	compound organ
http://purl.obolibrary.org/obo/XPO_0137057	decreased apoptosis in compound organ component	http://purl.obolibrary.org/obo/GO_0006915	apoptotic process	http://purl.obolibrary.org/obo/XAO_0003039	compound organ component
http://purl.obolibrary.org/obo/XPO_0136773	decreased apoptosis in conjunctiva	http://purl.obolibrary.org/obo/GO_0006915	apoptotic process	http://purl.obolibrary.org/obo/XAO_0000182	conjunctiva
http://purl.obolibrary.org/obo/XPO_0137016	decreased apoptosis in connective tissue	http://purl.obolibrary.org/obo/GO_0006915	apoptotic process	http://purl.obolibrary.org/obo/XAO_0001017	connective tissue
http://purl.obolibrary.org/obo/XPO_0137542	decreased apoptosis in coracoid bone	http://purl.obolibrary.org/obo/GO_0006915	apoptotic process	http://purl.obolibrary.org/obo/XAO_0004278	coracoid bone
http://purl.obolibrary.org/obo/XPO_0136771	decreased apoptosis in cornea	http://purl.obolibrary.org/obo/GO_0006915	apoptotic process	http://purl.obolibrary.org/obo/XAO_0000180	cornea
http://purl.obolibrary.org/obo/XPO_0137625	decreased apoptosis in cornua trabecula	http://purl.obolibrary.org/obo/GO_0006915	apoptotic process	http://purl.obolibrary.org/obo/XAO_0004364	cornua trabecula
http://purl.obolibrary.org/obo/XPO_0136633	decreased apoptosis in cranial ganglion	http://purl.obolibrary.org/obo/GO_0006915	apoptotic process	http://purl.obolibrary.org/obo/XAO_0000027	cranial ganglion
http://purl.obolibrary.org/obo/XPO_0137585	decreased apoptosis in cranial muscle	http://purl.obolibrary.org/obo/GO_0006915	apoptotic process	http://purl.obolibrary.org/obo/XAO_0004322	cranial muscle
http://purl.obolibrary.org/obo/XPO_0137711	decreased apoptosis in cranial muscle primordium	http://purl.obolibrary.org/obo/GO_0006915	apoptotic process	http://purl.obolibrary.org/obo/XAO_0004455	cranial muscle primordium
http://purl.obolibrary.org/obo/XPO_0136973	decreased apoptosis in cranial nerve	http://purl.obolibrary.org/obo/GO_0006915	apoptotic process	http://purl.obolibrary.org/obo/XAO_0000429	cranial nerve
http://purl.obolibrary.org/obo/XPO_0137007	decreased apoptosis in cranial neural crest	http://purl.obolibrary.org/obo/GO_0006915	apoptotic process	http://purl.obolibrary.org/obo/XAO_0001001	cranial neural crest
http://purl.obolibrary.org/obo/XPO_0136870	decreased apoptosis in cranial placode	http://purl.obolibrary.org/obo/GO_0006915	apoptotic process	http://purl.obolibrary.org/obo/XAO_0000305	cranial placode
http://purl.obolibrary.org/obo/XPO_0137543	decreased apoptosis in cranial skeleton	http://purl.obolibrary.org/obo/GO_0006915	apoptotic process	http://purl.obolibrary.org/obo/XAO_0004279	cranial skeleton
http://purl.obolibrary.org/obo/XPO_0137290	decreased apoptosis in craniofacial region	http://purl.obolibrary.org/obo/GO_0006915	apoptotic process	http://purl.obolibrary.org/obo/XAO_0004024	craniofacial region
http://purl.obolibrary.org/obo/XPO_0137289	decreased apoptosis in craniofacial skeleton	http://purl.obolibrary.org/obo/GO_0006915	apoptotic process	http://purl.obolibrary.org/obo/XAO_0004023	craniofacial skeleton
http://purl.obolibrary.org/obo/XPO_0137083	decreased apoptosis in cranium	http://purl.obolibrary.org/obo/GO_0006915	apoptotic process	http://purl.obolibrary.org/obo/XAO_0003075	cranium
http://purl.obolibrary.org/obo/XPO_0137517	decreased apoptosis in cutaneous femoral vein	http://purl.obolibrary.org/obo/GO_0006915	apoptotic process	http://purl.obolibrary.org/obo/XAO_0004252	cutaneous femoral vein
http://purl.obolibrary.org/obo/XPO_0137516	decreased apoptosis in cutaneous magnus	http://purl.obolibrary.org/obo/GO_0006915	apoptotic process	http://purl.obolibrary.org/obo/XAO_0004251	cutaneous magnus
http://purl.obolibrary.org/obo/XPO_0138032	decreased apoptosis in delta cell	http://purl.obolibrary.org/obo/GO_0006915	apoptotic process	http://purl.obolibrary.org/obo/XAO_0005166	delta cell
http://purl.obolibrary.org/obo/XPO_0137296	decreased apoptosis in dense regular connective tissue	http://purl.obolibrary.org/obo/GO_0006915	apoptotic process	http://purl.obolibrary.org/obo/XAO_0004030	dense regular connective tissue
http://purl.obolibrary.org/obo/XPO_0137200	decreased apoptosis in dental epithelium	http://purl.obolibrary.org/obo/GO_0006915	apoptotic process	http://purl.obolibrary.org/obo/XAO_0003203	dental epithelium
http://purl.obolibrary.org/obo/XPO_0137317	decreased apoptosis in dentine	http://purl.obolibrary.org/obo/GO_0006915	apoptotic process	http://purl.obolibrary.org/obo/XAO_0004051	dentine
http://purl.obolibrary.org/obo/XPO_0137281	decreased apoptosis in dermal bone	http://purl.obolibrary.org/obo/GO_0006915	apoptotic process	http://purl.obolibrary.org/obo/XAO_0004015	dermal bone
http://purl.obolibrary.org/obo/XPO_0137291	decreased apoptosis in dermal skeleton	http://purl.obolibrary.org/obo/GO_0006915	apoptotic process	http://purl.obolibrary.org/obo/XAO_0004025	dermal skeleton
http://purl.obolibrary.org/obo/XPO_0136767	decreased apoptosis in dermal system	http://purl.obolibrary.org/obo/GO_0006915	apoptotic process	http://purl.obolibrary.org/obo/XAO_0000176	dermal system
http://purl.obolibrary.org/obo/XPO_0137171	decreased apoptosis in dermatocranium	http://purl.obolibrary.org/obo/GO_0006915	apoptotic process	http://purl.obolibrary.org/obo/XAO_0003169	dermatocranium
http://purl.obolibrary.org/obo/XPO_0136804	decreased apoptosis in dermatome	http://purl.obolibrary.org/obo/GO_0006915	apoptotic process	http://purl.obolibrary.org/obo/XAO_0000220	dermatome
http://purl.obolibrary.org/obo/XPO_0136802	decreased apoptosis in dermis	http://purl.obolibrary.org/obo/GO_0006915	apoptotic process	http://purl.obolibrary.org/obo/XAO_0000217	dermis
http://purl.obolibrary.org/obo/XPO_0137948	decreased apoptosis in dermomyotome	http://purl.obolibrary.org/obo/GO_0006915	apoptotic process	http://purl.obolibrary.org/obo/XAO_0005080	dermomyotome
http://purl.obolibrary.org/obo/XPO_0138048	decreased apoptosis in descending interneuron	http://purl.obolibrary.org/obo/GO_0006915	apoptotic process	http://purl.obolibrary.org/obo/XAO_0005182	descending interneuron
http://purl.obolibrary.org/obo/XPO_0137744	decreased apoptosis in diaphysis	http://purl.obolibrary.org/obo/GO_0006915	apoptotic process	http://purl.obolibrary.org/obo/XAO_0004488	diaphysis
http://purl.obolibrary.org/obo/XPO_0136620	decreased apoptosis in diencephalon	http://purl.obolibrary.org/obo/GO_0006915	apoptotic process	http://purl.obolibrary.org/obo/XAO_0000013	diencephalon
http://purl.obolibrary.org/obo/XPO_0137237	decreased apoptosis in digestive enzyme secreting cell	http://purl.obolibrary.org/obo/GO_0006915	apoptotic process	http://purl.obolibrary.org/obo/XAO_0003240	digestive enzyme secreting cell
http://purl.obolibrary.org/obo/XPO_0137051	decreased apoptosis in digit	http://purl.obolibrary.org/obo/GO_0006915	apoptotic process	http://purl.obolibrary.org/obo/XAO_0003032	digit
http://purl.obolibrary.org/obo/XPO_0137577	decreased apoptosis in digit-joint region	http://purl.obolibrary.org/obo/GO_0006915	apoptotic process	http://purl.obolibrary.org/obo/XAO_0004314	digit-joint region
http://purl.obolibrary.org/obo/XPO_0137322	decreased apoptosis in distal mesenchyme	http://purl.obolibrary.org/obo/GO_0006915	apoptotic process	http://purl.obolibrary.org/obo/XAO_0004056	distal mesenchyme
http://purl.obolibrary.org/obo/XPO_0137997	decreased apoptosis in distal stomach	http://purl.obolibrary.org/obo/GO_0006915	apoptotic process	http://purl.obolibrary.org/obo/XAO_0005130	distal stomach
http://purl.obolibrary.org/obo/XPO_0137775	decreased apoptosis in distal tubule	http://purl.obolibrary.org/obo/GO_0006915	apoptotic process	http://purl.obolibrary.org/obo/XAO_0004519	distal tubule
http://purl.obolibrary.org/obo/XPO_0137980	decreased apoptosis in dorsal animal hemisphere blastomere	http://purl.obolibrary.org/obo/GO_0006915	apoptotic process	http://purl.obolibrary.org/obo/XAO_0005113	dorsal animal hemisphere blastomere
http://purl.obolibrary.org/obo/XPO_0136656	decreased apoptosis in dorsal aorta	http://purl.obolibrary.org/obo/GO_0006915	apoptotic process	http://purl.obolibrary.org/obo/XAO_0000051	dorsal aorta
http://purl.obolibrary.org/obo/XPO_0137584	decreased apoptosis in dorsal caudal lymphatic vessel	http://purl.obolibrary.org/obo/GO_0006915	apoptotic process	http://purl.obolibrary.org/obo/XAO_0004321	dorsal caudal lymphatic vessel
http://purl.obolibrary.org/obo/XPO_0137798	decreased apoptosis in dorsal column nucleus	http://purl.obolibrary.org/obo/GO_0006915	apoptotic process	http://purl.obolibrary.org/obo/XAO_0004545	dorsal column nucleus
http://purl.obolibrary.org/obo/XPO_0137913	decreased apoptosis in dorsal crest of the endoderm	http://purl.obolibrary.org/obo/GO_0006915	apoptotic process	http://purl.obolibrary.org/obo/XAO_0005045	dorsal crest of the endoderm
http://purl.obolibrary.org/obo/XPO_0137718	decreased apoptosis in dorsal endoderm	http://purl.obolibrary.org/obo/GO_0006915	apoptotic process	http://purl.obolibrary.org/obo/XAO_0004462	dorsal endoderm
http://purl.obolibrary.org/obo/XPO_0138142	decreased apoptosis in dorsal endomesoderm	http://purl.obolibrary.org/obo/GO_0006915	apoptotic process	http://purl.obolibrary.org/obo/XAO_0005304	dorsal endomesoderm
http://purl.obolibrary.org/obo/XPO_0137329	decreased apoptosis in dorsal fin	http://purl.obolibrary.org/obo/GO_0006915	apoptotic process	http://purl.obolibrary.org/obo/XAO_0004063	dorsal fin
http://purl.obolibrary.org/obo/XPO_0137327	decreased apoptosis in dorsal fin margin	http://purl.obolibrary.org/obo/GO_0006915	apoptotic process	http://purl.obolibrary.org/obo/XAO_0004061	dorsal fin margin
http://purl.obolibrary.org/obo/XPO_0137544	decreased apoptosis in dorsal fin skeleton	http://purl.obolibrary.org/obo/GO_0006915	apoptotic process	http://purl.obolibrary.org/obo/XAO_0004280	dorsal fin skeleton
http://purl.obolibrary.org/obo/XPO_0137866	decreased apoptosis in dorsal fin vasculature	http://purl.obolibrary.org/obo/GO_0006915	apoptotic process	http://purl.obolibrary.org/obo/XAO_0004625	dorsal fin vasculature
http://purl.obolibrary.org/obo/XPO_0137993	decreased apoptosis in dorsal foregut	http://purl.obolibrary.org/obo/GO_0006915	apoptotic process	http://purl.obolibrary.org/obo/XAO_0005126	dorsal foregut
http://purl.obolibrary.org/obo/XPO_0137828	decreased apoptosis in dorsal funiculus	http://purl.obolibrary.org/obo/GO_0006915	apoptotic process	http://purl.obolibrary.org/obo/XAO_0004580	dorsal funiculus
http://purl.obolibrary.org/obo/XPO_0137799	decreased apoptosis in dorsal habenular nucleus	http://purl.obolibrary.org/obo/GO_0006915	apoptotic process	http://purl.obolibrary.org/obo/XAO_0004546	dorsal habenular nucleus
http://purl.obolibrary.org/obo/XPO_0137180	decreased apoptosis in dorsal hyoid arch skeleton	http://purl.obolibrary.org/obo/GO_0006915	apoptotic process	http://purl.obolibrary.org/obo/XAO_0003178	dorsal hyoid arch skeleton
http://purl.obolibrary.org/obo/XPO_0138003	decreased apoptosis in dorsal involuting marginal zone	http://purl.obolibrary.org/obo/GO_0006915	apoptotic process	http://purl.obolibrary.org/obo/XAO_0005136	dorsal involuting marginal zone
http://purl.obolibrary.org/obo/XPO_0136996	decreased apoptosis in dorsal lateral line	http://purl.obolibrary.org/obo/GO_0006915	apoptotic process	http://purl.obolibrary.org/obo/XAO_0000462	dorsal lateral line
http://purl.obolibrary.org/obo/XPO_0137765	decreased apoptosis in dorsal lateral plate mesoderm	http://purl.obolibrary.org/obo/GO_0006915	apoptotic process	http://purl.obolibrary.org/obo/XAO_0004509	dorsal lateral plate mesoderm
http://purl.obolibrary.org/obo/XPO_0137442	decreased apoptosis in dorsal longitudinal anastomosing vessel	http://purl.obolibrary.org/obo/GO_0006915	apoptotic process	http://purl.obolibrary.org/obo/XAO_0004177	dorsal longitudinal anastomosing vessel
http://purl.obolibrary.org/obo/XPO_0137443	decreased apoptosis in dorsal longitudinal anastomosing vessel - left branch	http://purl.obolibrary.org/obo/GO_0006915	apoptotic process	http://purl.obolibrary.org/obo/XAO_0004178	dorsal longitudinal anastomosing vessel - left branch
http://purl.obolibrary.org/obo/XPO_0137444	decreased apoptosis in dorsal longitudinal anastomosing vessel - right branch	http://purl.obolibrary.org/obo/GO_0006915	apoptotic process	http://purl.obolibrary.org/obo/XAO_0004179	dorsal longitudinal anastomosing vessel - right branch
http://purl.obolibrary.org/obo/XPO_0136674	decreased apoptosis in dorsal marginal zone	http://purl.obolibrary.org/obo/GO_0006915	apoptotic process	http://purl.obolibrary.org/obo/XAO_0000072	dorsal marginal zone
http://purl.obolibrary.org/obo/XPO_0137800	decreased apoptosis in dorsal pallidum	http://purl.obolibrary.org/obo/GO_0006915	apoptotic process	http://purl.obolibrary.org/obo/XAO_0004547	dorsal pallidum
http://purl.obolibrary.org/obo/XPO_0137801	decreased apoptosis in dorsal pallium	http://purl.obolibrary.org/obo/GO_0006915	apoptotic process	http://purl.obolibrary.org/obo/XAO_0004548	dorsal pallium
http://purl.obolibrary.org/obo/XPO_0137000	decreased apoptosis in dorsal pancreatic bud	http://purl.obolibrary.org/obo/GO_0006915	apoptotic process	http://purl.obolibrary.org/obo/XAO_0000467	dorsal pancreatic bud
http://purl.obolibrary.org/obo/XPO_0138100	decreased apoptosis in dorsal posterior hindgut endoderm	http://purl.obolibrary.org/obo/GO_0006915	apoptotic process	http://purl.obolibrary.org/obo/XAO_0005248	dorsal posterior hindgut endoderm
http://purl.obolibrary.org/obo/XPO_0138071	decreased apoptosis in dorsal region	http://purl.obolibrary.org/obo/GO_0006915	apoptotic process	http://purl.obolibrary.org/obo/XAO_0005218	dorsal region
http://purl.obolibrary.org/obo/XPO_0137802	decreased apoptosis in dorsal septum	http://purl.obolibrary.org/obo/GO_0006915	apoptotic process	http://purl.obolibrary.org/obo/XAO_0004549	dorsal septum
http://purl.obolibrary.org/obo/XPO_0138110	decreased apoptosis in dorsal tail	http://purl.obolibrary.org/obo/GO_0006915	apoptotic process	http://purl.obolibrary.org/obo/XAO_0005264	dorsal tail
http://purl.obolibrary.org/obo/XPO_0137001	decreased apoptosis in dorsal tail fin	http://purl.obolibrary.org/obo/GO_0006915	apoptotic process	http://purl.obolibrary.org/obo/XAO_0000469	dorsal tail fin
http://purl.obolibrary.org/obo/XPO_0137492	decreased apoptosis in dorsal tegmentum	http://purl.obolibrary.org/obo/GO_0006915	apoptotic process	http://purl.obolibrary.org/obo/XAO_0004227	dorsal tegmentum
http://purl.obolibrary.org/obo/XPO_0138088	decreased apoptosis in dorsal telencephalon	http://purl.obolibrary.org/obo/GO_0006915	apoptotic process	http://purl.obolibrary.org/obo/XAO_0005235	dorsal telencephalon
http://purl.obolibrary.org/obo/XPO_0137646	decreased apoptosis in dorsal thalamus	http://purl.obolibrary.org/obo/GO_0006915	apoptotic process	http://purl.obolibrary.org/obo/XAO_0004390	dorsal thalamus
http://purl.obolibrary.org/obo/XPO_0138111	decreased apoptosis in dorsal trunk	http://purl.obolibrary.org/obo/GO_0006915	apoptotic process	http://purl.obolibrary.org/obo/XAO_0005265	dorsal trunk
http://purl.obolibrary.org/obo/XPO_0137979	decreased apoptosis in dorsal vegetal hemisphere blastomere	http://purl.obolibrary.org/obo/GO_0006915	apoptotic process	http://purl.obolibrary.org/obo/XAO_0005112	dorsal vegetal hemisphere blastomere
http://purl.obolibrary.org/obo/XPO_0136673	decreased apoptosis in dorso-lateral marginal zone	http://purl.obolibrary.org/obo/GO_0006915	apoptotic process	http://purl.obolibrary.org/obo/XAO_0000071	dorso-lateral marginal zone
http://purl.obolibrary.org/obo/XPO_0138119	decreased apoptosis in dorso-lateral region	http://purl.obolibrary.org/obo/GO_0006915	apoptotic process	http://purl.obolibrary.org/obo/XAO_0005281	dorso-lateral region
http://purl.obolibrary.org/obo/XPO_0138050	decreased apoptosis in dorsolateral ascending neuron	http://purl.obolibrary.org/obo/GO_0006915	apoptotic process	http://purl.obolibrary.org/obo/XAO_0005184	dorsolateral ascending neuron
http://purl.obolibrary.org/obo/XPO_0138051	decreased apoptosis in dorsolateral commissural neuron	http://purl.obolibrary.org/obo/GO_0006915	apoptotic process	http://purl.obolibrary.org/obo/XAO_0005185	dorsolateral commissural neuron
http://purl.obolibrary.org/obo/XPO_0137858	decreased apoptosis in dorsolateral neural tube	http://purl.obolibrary.org/obo/GO_0006915	apoptotic process	http://purl.obolibrary.org/obo/XAO_0004617	dorsolateral neural tube
http://purl.obolibrary.org/obo/XPO_0136777	decreased apoptosis in dorsolateral placode region	http://purl.obolibrary.org/obo/GO_0006915	apoptotic process	http://purl.obolibrary.org/obo/XAO_0000187	dorsolateral placode region
http://purl.obolibrary.org/obo/XPO_0137946	decreased apoptosis in dorsomedial edge of myotome	http://purl.obolibrary.org/obo/GO_0006915	apoptotic process	http://purl.obolibrary.org/obo/XAO_0005078	dorsomedial edge of myotome
http://purl.obolibrary.org/obo/XPO_0137266	decreased apoptosis in duct	http://purl.obolibrary.org/obo/GO_0006915	apoptotic process	http://purl.obolibrary.org/obo/XAO_0004000	duct
http://purl.obolibrary.org/obo/XPO_0136924	decreased apoptosis in duct of Cuvier	http://purl.obolibrary.org/obo/GO_0006915	apoptotic process	http://purl.obolibrary.org/obo/XAO_0000373	duct of Cuvier
http://purl.obolibrary.org/obo/XPO_0136818	decreased apoptosis in duodenum	http://purl.obolibrary.org/obo/GO_0006915	apoptotic process	http://purl.obolibrary.org/obo/XAO_0000236	duodenum
http://purl.obolibrary.org/obo/XPO_0136864	decreased apoptosis in early distal tubule	http://purl.obolibrary.org/obo/GO_0006915	apoptotic process	http://purl.obolibrary.org/obo/XAO_0000287	early distal tubule
http://purl.obolibrary.org/obo/XPO_0137238	decreased apoptosis in early embryonic cell	http://purl.obolibrary.org/obo/GO_0006915	apoptotic process	http://purl.obolibrary.org/obo/XAO_0003241	early embryonic cell
http://purl.obolibrary.org/obo/XPO_0136865	decreased apoptosis in early proximal tubule	http://purl.obolibrary.org/obo/GO_0006915	apoptotic process	http://purl.obolibrary.org/obo/XAO_0000288	early proximal tubule
http://purl.obolibrary.org/obo/XPO_0136608	decreased apoptosis in ectoderm	http://purl.obolibrary.org/obo/GO_0006915	apoptotic process	http://purl.obolibrary.org/obo/XAO_0000001	ectoderm
http://purl.obolibrary.org/obo/XPO_0137241	decreased apoptosis in ectodermal cell	http://purl.obolibrary.org/obo/GO_0006915	apoptotic process	http://purl.obolibrary.org/obo/XAO_0003245	ectodermal cell
http://purl.obolibrary.org/obo/XPO_0138081	decreased apoptosis in efferent neuron	http://purl.obolibrary.org/obo/GO_0006915	apoptotic process	http://purl.obolibrary.org/obo/XAO_0005228	efferent neuron
http://purl.obolibrary.org/obo/XPO_0137066	decreased apoptosis in egg	http://purl.obolibrary.org/obo/GO_0006915	apoptotic process	http://purl.obolibrary.org/obo/XAO_0003048	egg
http://purl.obolibrary.org/obo/XPO_0137949	decreased apoptosis in egg jelly	http://purl.obolibrary.org/obo/GO_0006915	apoptotic process	http://purl.obolibrary.org/obo/XAO_0005081	egg jelly
http://purl.obolibrary.org/obo/XPO_0137462	decreased apoptosis in elastic cartilage tissue	http://purl.obolibrary.org/obo/GO_0006915	apoptotic process	http://purl.obolibrary.org/obo/XAO_0004197	elastic cartilage tissue
http://purl.obolibrary.org/obo/XPO_0137019	decreased apoptosis in elastica externa	http://purl.obolibrary.org/obo/GO_0006915	apoptotic process	http://purl.obolibrary.org/obo/XAO_0001020	elastica externa
http://purl.obolibrary.org/obo/XPO_0137242	decreased apoptosis in electrically active cell	http://purl.obolibrary.org/obo/GO_0006915	apoptotic process	http://purl.obolibrary.org/obo/XAO_0003246	electrically active cell
http://purl.obolibrary.org/obo/XPO_0136711	decreased apoptosis in embryo	http://purl.obolibrary.org/obo/GO_0006915	apoptotic process	http://purl.obolibrary.org/obo/XAO_0000113	embryo
http://purl.obolibrary.org/obo/XPO_0138095	decreased apoptosis in embryonic kidney	http://purl.obolibrary.org/obo/GO_0006915	apoptotic process	http://purl.obolibrary.org/obo/XAO_0005243	embryonic kidney
http://purl.obolibrary.org/obo/XPO_0137060	decreased apoptosis in embryonic structure	http://purl.obolibrary.org/obo/GO_0006915	apoptotic process	http://purl.obolibrary.org/obo/XAO_0003042	embryonic structure
http://purl.obolibrary.org/obo/XPO_0138113	decreased apoptosis in embryonic thrombocyte	http://purl.obolibrary.org/obo/GO_0006915	apoptotic process	http://purl.obolibrary.org/obo/XAO_0005267	embryonic thrombocyte
http://purl.obolibrary.org/obo/XPO_0137564	decreased apoptosis in eminentia thalami	http://purl.obolibrary.org/obo/GO_0006915	apoptotic process	http://purl.obolibrary.org/obo/XAO_0004301	eminentia thalami
http://purl.obolibrary.org/obo/XPO_0137463	decreased apoptosis in enamel	http://purl.obolibrary.org/obo/GO_0006915	apoptotic process	http://purl.obolibrary.org/obo/XAO_0004198	enamel
http://purl.obolibrary.org/obo/XPO_0137464	decreased apoptosis in enameloid	http://purl.obolibrary.org/obo/GO_0006915	apoptotic process	http://purl.obolibrary.org/obo/XAO_0004199	enameloid
http://purl.obolibrary.org/obo/XPO_0137454	decreased apoptosis in endocardial cushion	http://purl.obolibrary.org/obo/GO_0006915	apoptotic process	http://purl.obolibrary.org/obo/XAO_0004189	endocardial cushion
http://purl.obolibrary.org/obo/XPO_0136895	decreased apoptosis in endocardial tube	http://purl.obolibrary.org/obo/GO_0006915	apoptotic process	http://purl.obolibrary.org/obo/XAO_0000337	endocardial tube
http://purl.obolibrary.org/obo/XPO_0136668	decreased apoptosis in endocardium	http://purl.obolibrary.org/obo/GO_0006915	apoptotic process	http://purl.obolibrary.org/obo/XAO_0000066	endocardium
http://purl.obolibrary.org/obo/XPO_0137284	decreased apoptosis in endochondral bone	http://purl.obolibrary.org/obo/GO_0006915	apoptotic process	http://purl.obolibrary.org/obo/XAO_0004018	endochondral bone
http://purl.obolibrary.org/obo/XPO_0137283	decreased apoptosis in endochondral element	http://purl.obolibrary.org/obo/GO_0006915	apoptotic process	http://purl.obolibrary.org/obo/XAO_0004017	endochondral element
http://purl.obolibrary.org/obo/XPO_0137243	decreased apoptosis in endocrine cell	http://purl.obolibrary.org/obo/GO_0006915	apoptotic process	http://purl.obolibrary.org/obo/XAO_0003247	endocrine cell
http://purl.obolibrary.org/obo/XPO_0136750	decreased apoptosis in endocrine system	http://purl.obolibrary.org/obo/GO_0006915	apoptotic process	http://purl.obolibrary.org/obo/XAO_0000158	endocrine system
http://purl.obolibrary.org/obo/XPO_0136691	decreased apoptosis in endoderm	http://purl.obolibrary.org/obo/GO_0006915	apoptotic process	http://purl.obolibrary.org/obo/XAO_0000090	endoderm
http://purl.obolibrary.org/obo/XPO_0137244	decreased apoptosis in endodermal cell	http://purl.obolibrary.org/obo/GO_0006915	apoptotic process	http://purl.obolibrary.org/obo/XAO_0003248	endodermal cell
http://purl.obolibrary.org/obo/XPO_0137721	decreased apoptosis in endolymphatic duct	http://purl.obolibrary.org/obo/GO_0006915	apoptotic process	http://purl.obolibrary.org/obo/XAO_0004465	endolymphatic duct
http://purl.obolibrary.org/obo/XPO_0137062	decreased apoptosis in endomesoderm	http://purl.obolibrary.org/obo/GO_0006915	apoptotic process	http://purl.obolibrary.org/obo/XAO_0003044	endomesoderm
http://purl.obolibrary.org/obo/XPO_0137292	decreased apoptosis in endoskeleton	http://purl.obolibrary.org/obo/GO_0006915	apoptotic process	http://purl.obolibrary.org/obo/XAO_0004026	endoskeleton
http://purl.obolibrary.org/obo/XPO_0137414	decreased apoptosis in endothelial cell	http://purl.obolibrary.org/obo/GO_0006915	apoptotic process	http://purl.obolibrary.org/obo/XAO_0004149	endothelial cell
http://purl.obolibrary.org/obo/XPO_0138061	decreased apoptosis in enteric nervous system	http://purl.obolibrary.org/obo/GO_0006915	apoptotic process	http://purl.obolibrary.org/obo/XAO_0005195	enteric nervous system
http://purl.obolibrary.org/obo/XPO_0137778	decreased apoptosis in enteric neuron	http://purl.obolibrary.org/obo/GO_0006915	apoptotic process	http://purl.obolibrary.org/obo/XAO_0004523	enteric neuron
http://purl.obolibrary.org/obo/XPO_0138002	decreased apoptosis in enteroendocrine cell	http://purl.obolibrary.org/obo/GO_0006915	apoptotic process	http://purl.obolibrary.org/obo/XAO_0005135	enteroendocrine cell
http://purl.obolibrary.org/obo/XPO_0137226	decreased apoptosis in epaxial muscle	http://purl.obolibrary.org/obo/GO_0006915	apoptotic process	http://purl.obolibrary.org/obo/XAO_0003229	epaxial muscle
http://purl.obolibrary.org/obo/XPO_0136861	decreased apoptosis in epibranchial placode	http://purl.obolibrary.org/obo/GO_0006915	apoptotic process	http://purl.obolibrary.org/obo/XAO_0000284	epibranchial placode
http://purl.obolibrary.org/obo/XPO_0137738	decreased apoptosis in epicardial precursor cell	http://purl.obolibrary.org/obo/GO_0006915	apoptotic process	http://purl.obolibrary.org/obo/XAO_0004482	epicardial precursor cell
http://purl.obolibrary.org/obo/XPO_0136879	decreased apoptosis in epicardium	http://purl.obolibrary.org/obo/GO_0006915	apoptotic process	http://purl.obolibrary.org/obo/XAO_0000316	epicardium
http://purl.obolibrary.org/obo/XPO_0137862	decreased apoptosis in epidermal cell	http://purl.obolibrary.org/obo/GO_0006915	apoptotic process	http://purl.obolibrary.org/obo/XAO_0004621	epidermal cell
http://purl.obolibrary.org/obo/XPO_0136634	decreased apoptosis in epidermis	http://purl.obolibrary.org/obo/GO_0006915	apoptotic process	http://purl.obolibrary.org/obo/XAO_0000028	epidermis
http://purl.obolibrary.org/obo/XPO_0136646	decreased apoptosis in epidermis inner layer	http://purl.obolibrary.org/obo/GO_0006915	apoptotic process	http://purl.obolibrary.org/obo/XAO_0000041	epidermis inner layer
http://purl.obolibrary.org/obo/XPO_0136635	decreased apoptosis in epidermis outer layer	http://purl.obolibrary.org/obo/GO_0006915	apoptotic process	http://purl.obolibrary.org/obo/XAO_0000029	epidermis outer layer
http://purl.obolibrary.org/obo/XPO_0137513	decreased apoptosis in epigastric artery	http://purl.obolibrary.org/obo/GO_0006915	apoptotic process	http://purl.obolibrary.org/obo/XAO_0004248	epigastric artery
http://purl.obolibrary.org/obo/XPO_0137743	decreased apoptosis in epiphysis	http://purl.obolibrary.org/obo/GO_0006915	apoptotic process	http://purl.obolibrary.org/obo/XAO_0004487	epiphysis
http://purl.obolibrary.org/obo/XPO_0137245	decreased apoptosis in epithelial cell	http://purl.obolibrary.org/obo/GO_0006915	apoptotic process	http://purl.obolibrary.org/obo/XAO_0003249	epithelial cell
http://purl.obolibrary.org/obo/XPO_0137063	decreased apoptosis in epithelium	http://purl.obolibrary.org/obo/GO_0006915	apoptotic process	http://purl.obolibrary.org/obo/XAO_0003045	epithelium
http://purl.obolibrary.org/obo/XPO_0138033	decreased apoptosis in epsilon cell	http://purl.obolibrary.org/obo/GO_0006915	apoptotic process	http://purl.obolibrary.org/obo/XAO_0005167	epsilon cell
http://purl.obolibrary.org/obo/XPO_0137415	decreased apoptosis in erythroid cell	http://purl.obolibrary.org/obo/GO_0006915	apoptotic process	http://purl.obolibrary.org/obo/XAO_0004150	erythroid cell
http://purl.obolibrary.org/obo/XPO_0138137	decreased apoptosis in esophageal epithelium	http://purl.obolibrary.org/obo/GO_0006915	apoptotic process	http://purl.obolibrary.org/obo/XAO_0005299	esophageal epithelium
http://purl.obolibrary.org/obo/XPO_0136724	decreased apoptosis in esophagus	http://purl.obolibrary.org/obo/GO_0006915	apoptotic process	http://purl.obolibrary.org/obo/XAO_0000127	esophagus
http://purl.obolibrary.org/obo/XPO_0138057	decreased apoptosis in ethmoid bone	http://purl.obolibrary.org/obo/GO_0006915	apoptotic process	http://purl.obolibrary.org/obo/XAO_0005191	ethmoid bone
http://purl.obolibrary.org/obo/XPO_0138058	decreased apoptosis in ethmoid region	http://purl.obolibrary.org/obo/GO_0006915	apoptotic process	http://purl.obolibrary.org/obo/XAO_0005192	ethmoid region
http://purl.obolibrary.org/obo/XPO_0137246	decreased apoptosis in exocrine cell	http://purl.obolibrary.org/obo/GO_0006915	apoptotic process	http://purl.obolibrary.org/obo/XAO_0003250	exocrine cell
http://purl.obolibrary.org/obo/XPO_0136734	decreased apoptosis in exocrine pancreas	http://purl.obolibrary.org/obo/GO_0006915	apoptotic process	http://purl.obolibrary.org/obo/XAO_0000137	exocrine pancreas
http://purl.obolibrary.org/obo/XPO_0136903	decreased apoptosis in external carotid artery	http://purl.obolibrary.org/obo/GO_0006915	apoptotic process	http://purl.obolibrary.org/obo/XAO_0000345	external carotid artery
http://purl.obolibrary.org/obo/XPO_0137931	decreased apoptosis in external coil of the small intestine	http://purl.obolibrary.org/obo/GO_0006915	apoptotic process	http://purl.obolibrary.org/obo/XAO_0005063	external coil of the small intestine
http://purl.obolibrary.org/obo/XPO_0136718	decreased apoptosis in external gill	http://purl.obolibrary.org/obo/GO_0006915	apoptotic process	http://purl.obolibrary.org/obo/XAO_0000120	external gill
http://purl.obolibrary.org/obo/XPO_0136929	decreased apoptosis in external jugular vein	http://purl.obolibrary.org/obo/GO_0006915	apoptotic process	http://purl.obolibrary.org/obo/XAO_0000379	external jugular vein
http://purl.obolibrary.org/obo/XPO_0137803	decreased apoptosis in external plexiform layer of the olfactory bulb	http://purl.obolibrary.org/obo/GO_0006915	apoptotic process	http://purl.obolibrary.org/obo/XAO_0004551	external plexiform layer of the olfactory bulb
http://purl.obolibrary.org/obo/XPO_0137293	decreased apoptosis in extracellular matrix	http://purl.obolibrary.org/obo/GO_0006915	apoptotic process	http://purl.obolibrary.org/obo/XAO_0004027	extracellular matrix
http://purl.obolibrary.org/obo/XPO_0137271	decreased apoptosis in extraembryonic structure	http://purl.obolibrary.org/obo/GO_0006915	apoptotic process	http://purl.obolibrary.org/obo/XAO_0004005	extraembryonic structure
http://purl.obolibrary.org/obo/XPO_0136770	decreased apoptosis in eye	http://purl.obolibrary.org/obo/GO_0006915	apoptotic process	http://purl.obolibrary.org/obo/XAO_0000179	eye
http://purl.obolibrary.org/obo/XPO_0137590	decreased apoptosis in eye muscle	http://purl.obolibrary.org/obo/GO_0006915	apoptotic process	http://purl.obolibrary.org/obo/XAO_0004327	eye muscle
http://purl.obolibrary.org/obo/XPO_0137375	decreased apoptosis in eye photoreceptor cell	http://purl.obolibrary.org/obo/GO_0006915	apoptotic process	http://purl.obolibrary.org/obo/XAO_0004110	eye photoreceptor cell
http://purl.obolibrary.org/obo/XPO_0136809	decreased apoptosis in eye primordium	http://purl.obolibrary.org/obo/GO_0006915	apoptotic process	http://purl.obolibrary.org/obo/XAO_0000227	eye primordium
http://purl.obolibrary.org/obo/XPO_0137476	decreased apoptosis in facial epibranchial placode	http://purl.obolibrary.org/obo/GO_0006915	apoptotic process	http://purl.obolibrary.org/obo/XAO_0004211	facial epibranchial placode
http://purl.obolibrary.org/obo/XPO_0137100	decreased apoptosis in facial nerve	http://purl.obolibrary.org/obo/GO_0006915	apoptotic process	http://purl.obolibrary.org/obo/XAO_0003094	facial nerve
http://purl.obolibrary.org/obo/XPO_0137515	decreased apoptosis in facial vein	http://purl.obolibrary.org/obo/GO_0006915	apoptotic process	http://purl.obolibrary.org/obo/XAO_0004250	facial vein
http://purl.obolibrary.org/obo/XPO_0137626	decreased apoptosis in facies hyoidis of the palatoquadrate	http://purl.obolibrary.org/obo/GO_0006915	apoptotic process	http://purl.obolibrary.org/obo/XAO_0004366	facies hyoidis of the palatoquadrate
http://purl.obolibrary.org/obo/XPO_0136811	decreased apoptosis in fasciculated network of fibrils	http://purl.obolibrary.org/obo/GO_0006915	apoptotic process	http://purl.obolibrary.org/obo/XAO_0000229	fasciculated network of fibrils
http://purl.obolibrary.org/obo/XPO_0137068	decreased apoptosis in fat body	http://purl.obolibrary.org/obo/GO_0006915	apoptotic process	http://purl.obolibrary.org/obo/XAO_0003050	fat body
http://purl.obolibrary.org/obo/XPO_0136748	decreased apoptosis in female genitalia	http://purl.obolibrary.org/obo/GO_0006915	apoptotic process	http://purl.obolibrary.org/obo/XAO_0000156	female genitalia
http://purl.obolibrary.org/obo/XPO_0137029	decreased apoptosis in female organism	http://purl.obolibrary.org/obo/GO_0006915	apoptotic process	http://purl.obolibrary.org/obo/XAO_0003005	female organism
http://purl.obolibrary.org/obo/XPO_0137508	decreased apoptosis in femoral vein	http://purl.obolibrary.org/obo/GO_0006915	apoptotic process	http://purl.obolibrary.org/obo/XAO_0004243	femoral vein
http://purl.obolibrary.org/obo/XPO_0137211	decreased apoptosis in femur	http://purl.obolibrary.org/obo/GO_0006915	apoptotic process	http://purl.obolibrary.org/obo/XAO_0003214	femur
http://purl.obolibrary.org/obo/XPO_0137503	decreased apoptosis in femur rudiment	http://purl.obolibrary.org/obo/GO_0006915	apoptotic process	http://purl.obolibrary.org/obo/XAO_0004238	femur rudiment
http://purl.obolibrary.org/obo/XPO_0137038	decreased apoptosis in fibroblast	http://purl.obolibrary.org/obo/GO_0006915	apoptotic process	http://purl.obolibrary.org/obo/XAO_0003017	fibroblast
http://purl.obolibrary.org/obo/XPO_0137294	decreased apoptosis in fibrocartilage	http://purl.obolibrary.org/obo/GO_0006915	apoptotic process	http://purl.obolibrary.org/obo/XAO_0004028	fibrocartilage
http://purl.obolibrary.org/obo/XPO_0137659	decreased apoptosis in fibrocellular pad	http://purl.obolibrary.org/obo/GO_0006915	apoptotic process	http://purl.obolibrary.org/obo/XAO_0004403	fibrocellular pad
http://purl.obolibrary.org/obo/XPO_0136609	decreased apoptosis in fin	http://purl.obolibrary.org/obo/GO_0006915	apoptotic process	http://purl.obolibrary.org/obo/XAO_0000002	fin
http://purl.obolibrary.org/obo/XPO_0137494	decreased apoptosis in fin crest	http://purl.obolibrary.org/obo/GO_0006915	apoptotic process	http://purl.obolibrary.org/obo/XAO_0004229	fin crest
http://purl.obolibrary.org/obo/XPO_0138037	decreased apoptosis in fin margin	http://purl.obolibrary.org/obo/GO_0006915	apoptotic process	http://purl.obolibrary.org/obo/XAO_0005171	fin margin
http://purl.obolibrary.org/obo/XPO_0137865	decreased apoptosis in fin vasculature	http://purl.obolibrary.org/obo/GO_0006915	apoptotic process	http://purl.obolibrary.org/obo/XAO_0004624	fin vasculature
http://purl.obolibrary.org/obo/XPO_0137021	decreased apoptosis in first pancreatic bud	http://purl.obolibrary.org/obo/GO_0006915	apoptotic process	http://purl.obolibrary.org/obo/XAO_0001101	first pancreatic bud
http://purl.obolibrary.org/obo/XPO_0138080	decreased apoptosis in flexural organ	http://purl.obolibrary.org/obo/GO_0006915	apoptotic process	http://purl.obolibrary.org/obo/XAO_0005227	flexural organ
http://purl.obolibrary.org/obo/XPO_0136871	decreased apoptosis in floor plate	http://purl.obolibrary.org/obo/GO_0006915	apoptotic process	http://purl.obolibrary.org/obo/XAO_0000306	floor plate
http://purl.obolibrary.org/obo/XPO_0136812	decreased apoptosis in follicle cell	http://purl.obolibrary.org/obo/GO_0006915	apoptotic process	http://purl.obolibrary.org/obo/XAO_0000230	follicle cell
http://purl.obolibrary.org/obo/XPO_0136813	decreased apoptosis in follicle layer	http://purl.obolibrary.org/obo/GO_0006915	apoptotic process	http://purl.obolibrary.org/obo/XAO_0000231	follicle layer
http://purl.obolibrary.org/obo/XPO_0137563	decreased apoptosis in foot	http://purl.obolibrary.org/obo/GO_0006915	apoptotic process	http://purl.obolibrary.org/obo/XAO_0004300	foot
http://purl.obolibrary.org/obo/XPO_0138011	decreased apoptosis in footplate of the stapes	http://purl.obolibrary.org/obo/GO_0006915	apoptotic process	http://purl.obolibrary.org/obo/XAO_0005144	footplate of the stapes
http://purl.obolibrary.org/obo/XPO_0136618	decreased apoptosis in forebrain	http://purl.obolibrary.org/obo/GO_0006915	apoptotic process	http://purl.obolibrary.org/obo/XAO_0000011	forebrain
http://purl.obolibrary.org/obo/XPO_0137895	decreased apoptosis in forebrain-midbrain boundary	http://purl.obolibrary.org/obo/GO_0006915	apoptotic process	http://purl.obolibrary.org/obo/XAO_0005027	forebrain-midbrain boundary
http://purl.obolibrary.org/obo/XPO_0136814	decreased apoptosis in foregut	http://purl.obolibrary.org/obo/GO_0006915	apoptotic process	http://purl.obolibrary.org/obo/XAO_0000232	foregut
http://purl.obolibrary.org/obo/XPO_0137769	decreased apoptosis in foregut endoderm	http://purl.obolibrary.org/obo/GO_0006915	apoptotic process	http://purl.obolibrary.org/obo/XAO_0004513	foregut endoderm
http://purl.obolibrary.org/obo/XPO_0138135	decreased apoptosis in foregut epithelium	http://purl.obolibrary.org/obo/GO_0006915	apoptotic process	http://purl.obolibrary.org/obo/XAO_0005297	foregut epithelium
http://purl.obolibrary.org/obo/XPO_0137049	decreased apoptosis in forelimb	http://purl.obolibrary.org/obo/GO_0006915	apoptotic process	http://purl.obolibrary.org/obo/XAO_0003030	forelimb
http://purl.obolibrary.org/obo/XPO_0137079	decreased apoptosis in forelimb bud	http://purl.obolibrary.org/obo/GO_0006915	apoptotic process	http://purl.obolibrary.org/obo/XAO_0003065	forelimb bud
http://purl.obolibrary.org/obo/XPO_0137746	decreased apoptosis in forelimb bud tip	http://purl.obolibrary.org/obo/GO_0006915	apoptotic process	http://purl.obolibrary.org/obo/XAO_0004490	forelimb bud tip
http://purl.obolibrary.org/obo/XPO_0137054	decreased apoptosis in forelimb digit	http://purl.obolibrary.org/obo/GO_0006915	apoptotic process	http://purl.obolibrary.org/obo/XAO_0003036	forelimb digit
http://purl.obolibrary.org/obo/XPO_0137734	decreased apoptosis in forelimb digit 2	http://purl.obolibrary.org/obo/GO_0006915	apoptotic process	http://purl.obolibrary.org/obo/XAO_0004478	forelimb digit 2
http://purl.obolibrary.org/obo/XPO_0137735	decreased apoptosis in forelimb digit 3	http://purl.obolibrary.org/obo/GO_0006915	apoptotic process	http://purl.obolibrary.org/obo/XAO_0004479	forelimb digit 3
http://purl.obolibrary.org/obo/XPO_0137736	decreased apoptosis in forelimb digit 4	http://purl.obolibrary.org/obo/GO_0006915	apoptotic process	http://purl.obolibrary.org/obo/XAO_0004480	forelimb digit 4
http://purl.obolibrary.org/obo/XPO_0137737	decreased apoptosis in forelimb digit 5	http://purl.obolibrary.org/obo/GO_0006915	apoptotic process	http://purl.obolibrary.org/obo/XAO_0004481	forelimb digit 5
http://purl.obolibrary.org/obo/XPO_0136681	decreased apoptosis in forelimb region	http://purl.obolibrary.org/obo/GO_0006915	apoptotic process	http://purl.obolibrary.org/obo/XAO_0000080	forelimb region
http://purl.obolibrary.org/obo/XPO_0137075	decreased apoptosis in forelimb skeleton	http://purl.obolibrary.org/obo/GO_0006915	apoptotic process	http://purl.obolibrary.org/obo/XAO_0003061	forelimb skeleton
http://purl.obolibrary.org/obo/XPO_0137558	decreased apoptosis in forelimb stylopod	http://purl.obolibrary.org/obo/GO_0006915	apoptotic process	http://purl.obolibrary.org/obo/XAO_0004295	forelimb stylopod
http://purl.obolibrary.org/obo/XPO_0137560	decreased apoptosis in forelimb zeugopod	http://purl.obolibrary.org/obo/GO_0006915	apoptotic process	http://purl.obolibrary.org/obo/XAO_0004297	forelimb zeugopod
http://purl.obolibrary.org/obo/XPO_0138133	decreased apoptosis in frontal nerve	http://purl.obolibrary.org/obo/GO_0006915	apoptotic process	http://purl.obolibrary.org/obo/XAO_0005295	frontal nerve
http://purl.obolibrary.org/obo/XPO_0138012	decreased apoptosis in fundus	http://purl.obolibrary.org/obo/GO_0006915	apoptotic process	http://purl.obolibrary.org/obo/XAO_0005145	fundus
http://purl.obolibrary.org/obo/XPO_0136732	decreased apoptosis in gall bladder	http://purl.obolibrary.org/obo/GO_0006915	apoptotic process	http://purl.obolibrary.org/obo/XAO_0000135	gall bladder
http://purl.obolibrary.org/obo/XPO_0137470	decreased apoptosis in gall bladder primordium	http://purl.obolibrary.org/obo/GO_0006915	apoptotic process	http://purl.obolibrary.org/obo/XAO_0004205	gall bladder primordium
http://purl.obolibrary.org/obo/XPO_0137154	decreased apoptosis in gamete	http://purl.obolibrary.org/obo/GO_0006915	apoptotic process	http://purl.obolibrary.org/obo/XAO_0003150	gamete
http://purl.obolibrary.org/obo/XPO_0138034	decreased apoptosis in gamma cell	http://purl.obolibrary.org/obo/GO_0006915	apoptotic process	http://purl.obolibrary.org/obo/XAO_0005168	gamma cell
http://purl.obolibrary.org/obo/XPO_0136796	decreased apoptosis in ganglion	http://purl.obolibrary.org/obo/GO_0006915	apoptotic process	http://purl.obolibrary.org/obo/XAO_0000209	ganglion
http://purl.obolibrary.org/obo/XPO_0136971	decreased apoptosis in gasserian ganglion	http://purl.obolibrary.org/obo/GO_0006915	apoptotic process	http://purl.obolibrary.org/obo/XAO_0000427	gasserian ganglion
http://purl.obolibrary.org/obo/XPO_0136937	decreased apoptosis in gastric vein	http://purl.obolibrary.org/obo/GO_0006915	apoptotic process	http://purl.obolibrary.org/obo/XAO_0000389	gastric vein
http://purl.obolibrary.org/obo/XPO_0136694	decreased apoptosis in gastrocoel roof plate	http://purl.obolibrary.org/obo/GO_0006915	apoptotic process	http://purl.obolibrary.org/obo/XAO_0000094	gastrocoel roof plate
http://purl.obolibrary.org/obo/XPO_0137240	decreased apoptosis in gastrula cell	http://purl.obolibrary.org/obo/GO_0006915	apoptotic process	http://purl.obolibrary.org/obo/XAO_0003244	gastrula cell
http://purl.obolibrary.org/obo/XPO_0136625	decreased apoptosis in genital ridge	http://purl.obolibrary.org/obo/GO_0006915	apoptotic process	http://purl.obolibrary.org/obo/XAO_0000018	genital ridge
http://purl.obolibrary.org/obo/XPO_0136739	decreased apoptosis in genital system	http://purl.obolibrary.org/obo/GO_0006915	apoptotic process	http://purl.obolibrary.org/obo/XAO_0000142	genital system
http://purl.obolibrary.org/obo/XPO_0136710	decreased apoptosis in germ cell	http://purl.obolibrary.org/obo/GO_0006915	apoptotic process	http://purl.obolibrary.org/obo/XAO_0000111	germ cell
http://purl.obolibrary.org/obo/XPO_0136984	decreased apoptosis in gill primordium	http://purl.obolibrary.org/obo/GO_0006915	apoptotic process	http://purl.obolibrary.org/obo/XAO_0000448	gill primordium
http://purl.obolibrary.org/obo/XPO_0137571	decreased apoptosis in glial cell	http://purl.obolibrary.org/obo/GO_0006915	apoptotic process	http://purl.obolibrary.org/obo/XAO_0004308	glial cell
http://purl.obolibrary.org/obo/XPO_0136772	decreased apoptosis in globe	http://purl.obolibrary.org/obo/GO_0006915	apoptotic process	http://purl.obolibrary.org/obo/XAO_0000181	globe
http://purl.obolibrary.org/obo/XPO_0136709	decreased apoptosis in glomeral mesenchyme	http://purl.obolibrary.org/obo/GO_0006915	apoptotic process	http://purl.obolibrary.org/obo/XAO_0000110	glomeral mesenchyme
http://purl.obolibrary.org/obo/XPO_0137481	decreased apoptosis in glomeral nexus	http://purl.obolibrary.org/obo/GO_0006915	apoptotic process	http://purl.obolibrary.org/obo/XAO_0004216	glomeral nexus
http://purl.obolibrary.org/obo/XPO_0137929	decreased apoptosis in glomerular epithelial cell	http://purl.obolibrary.org/obo/GO_0006915	apoptotic process	http://purl.obolibrary.org/obo/XAO_0005061	glomerular epithelial cell
http://purl.obolibrary.org/obo/XPO_0137804	decreased apoptosis in glomerular layer of the olfactory bulb	http://purl.obolibrary.org/obo/GO_0006915	apoptotic process	http://purl.obolibrary.org/obo/XAO_0004552	glomerular layer of the olfactory bulb
http://purl.obolibrary.org/obo/XPO_0137928	decreased apoptosis in glomerular mesangial cell	http://purl.obolibrary.org/obo/GO_0006915	apoptotic process	http://purl.obolibrary.org/obo/XAO_0005060	glomerular mesangial cell
http://purl.obolibrary.org/obo/XPO_0136742	decreased apoptosis in glomerulus	http://purl.obolibrary.org/obo/GO_0006915	apoptotic process	http://purl.obolibrary.org/obo/XAO_0000146	glomerulus
http://purl.obolibrary.org/obo/XPO_0136880	decreased apoptosis in glomus	http://purl.obolibrary.org/obo/GO_0006915	apoptotic process	http://purl.obolibrary.org/obo/XAO_0000318	glomus
http://purl.obolibrary.org/obo/XPO_0137477	decreased apoptosis in glossopharyngeal epibranchial placode	http://purl.obolibrary.org/obo/GO_0006915	apoptotic process	http://purl.obolibrary.org/obo/XAO_0004212	glossopharyngeal epibranchial placode
http://purl.obolibrary.org/obo/XPO_0137102	decreased apoptosis in glossopharyngeal nerve	http://purl.obolibrary.org/obo/GO_0006915	apoptotic process	http://purl.obolibrary.org/obo/XAO_0003096	glossopharyngeal nerve
http://purl.obolibrary.org/obo/XPO_0137648	decreased apoptosis in goblet cell	http://purl.obolibrary.org/obo/GO_0006915	apoptotic process	http://purl.obolibrary.org/obo/XAO_0004392	goblet cell
http://purl.obolibrary.org/obo/XPO_0137151	decreased apoptosis in gonad	http://purl.obolibrary.org/obo/GO_0006915	apoptotic process	http://purl.obolibrary.org/obo/XAO_0003146	gonad
http://purl.obolibrary.org/obo/XPO_0137891	decreased apoptosis in granular gland	http://purl.obolibrary.org/obo/GO_0006915	apoptotic process	http://purl.obolibrary.org/obo/XAO_0005023	granular gland
http://purl.obolibrary.org/obo/XPO_0137805	decreased apoptosis in granule cell	http://purl.obolibrary.org/obo/GO_0006915	apoptotic process	http://purl.obolibrary.org/obo/XAO_0004553	granule cell
http://purl.obolibrary.org/obo/XPO_0137806	decreased apoptosis in granule cell layer of the cerebellum	http://purl.obolibrary.org/obo/GO_0006915	apoptotic process	http://purl.obolibrary.org/obo/XAO_0004554	granule cell layer of the cerebellum
http://purl.obolibrary.org/obo/XPO_0137807	decreased apoptosis in granule cell layer of the olfactory bulb	http://purl.obolibrary.org/obo/GO_0006915	apoptotic process	http://purl.obolibrary.org/obo/XAO_0004555	granule cell layer of the olfactory bulb
http://purl.obolibrary.org/obo/XPO_0137194	decreased apoptosis in gustatory system	http://purl.obolibrary.org/obo/GO_0006915	apoptotic process	http://purl.obolibrary.org/obo/XAO_0003197	gustatory system
http://purl.obolibrary.org/obo/XPO_0137197	decreased apoptosis in gut epithelium	http://purl.obolibrary.org/obo/GO_0006915	apoptotic process	http://purl.obolibrary.org/obo/XAO_0003200	gut epithelium
http://purl.obolibrary.org/obo/XPO_0137808	decreased apoptosis in habenula	http://purl.obolibrary.org/obo/GO_0006915	apoptotic process	http://purl.obolibrary.org/obo/XAO_0004556	habenula
http://purl.obolibrary.org/obo/XPO_0137562	decreased apoptosis in hand	http://purl.obolibrary.org/obo/GO_0006915	apoptotic process	http://purl.obolibrary.org/obo/XAO_0004299	hand
http://purl.obolibrary.org/obo/XPO_0136640	decreased apoptosis in hatching gland	http://purl.obolibrary.org/obo/GO_0006915	apoptotic process	http://purl.obolibrary.org/obo/XAO_0000034	hatching gland
http://purl.obolibrary.org/obo/XPO_0137247	decreased apoptosis in hatching gland cell	http://purl.obolibrary.org/obo/GO_0006915	apoptotic process	http://purl.obolibrary.org/obo/XAO_0003251	hatching gland cell
http://purl.obolibrary.org/obo/XPO_0137650	decreased apoptosis in hatching gland primordium	http://purl.obolibrary.org/obo/GO_0006915	apoptotic process	http://purl.obolibrary.org/obo/XAO_0004394	hatching gland primordium
http://purl.obolibrary.org/obo/XPO_0137044	decreased apoptosis in head	http://purl.obolibrary.org/obo/GO_0006915	apoptotic process	http://purl.obolibrary.org/obo/XAO_0003024	head
http://purl.obolibrary.org/obo/XPO_0136692	decreased apoptosis in head endoderm	http://purl.obolibrary.org/obo/GO_0006915	apoptotic process	http://purl.obolibrary.org/obo/XAO_0000091	head endoderm
http://purl.obolibrary.org/obo/XPO_0137570	decreased apoptosis in head mesenchyme	http://purl.obolibrary.org/obo/GO_0006915	apoptotic process	http://purl.obolibrary.org/obo/XAO_0004307	head mesenchyme
http://purl.obolibrary.org/obo/XPO_0136658	decreased apoptosis in head mesoderm	http://purl.obolibrary.org/obo/GO_0006915	apoptotic process	http://purl.obolibrary.org/obo/XAO_0000053	head mesoderm
http://purl.obolibrary.org/obo/XPO_0136645	decreased apoptosis in head region	http://purl.obolibrary.org/obo/GO_0006915	apoptotic process	http://purl.obolibrary.org/obo/XAO_0000040	head region
http://purl.obolibrary.org/obo/XPO_0136876	decreased apoptosis in head somite	http://purl.obolibrary.org/obo/GO_0006915	apoptotic process	http://purl.obolibrary.org/obo/XAO_0000313	head somite
http://purl.obolibrary.org/obo/XPO_0136944	decreased apoptosis in head somite 1	http://purl.obolibrary.org/obo/GO_0006915	apoptotic process	http://purl.obolibrary.org/obo/XAO_0000396	head somite 1
http://purl.obolibrary.org/obo/XPO_0136948	decreased apoptosis in head somite 2	http://purl.obolibrary.org/obo/GO_0006915	apoptotic process	http://purl.obolibrary.org/obo/XAO_0000403	head somite 2
http://purl.obolibrary.org/obo/XPO_0136949	decreased apoptosis in head somite 3	http://purl.obolibrary.org/obo/GO_0006915	apoptotic process	http://purl.obolibrary.org/obo/XAO_0000404	head somite 3
http://purl.obolibrary.org/obo/XPO_0136950	decreased apoptosis in head somite 4	http://purl.obolibrary.org/obo/GO_0006915	apoptotic process	http://purl.obolibrary.org/obo/XAO_0000405	head somite 4
http://purl.obolibrary.org/obo/XPO_0137417	decreased apoptosis in head vasculature	http://purl.obolibrary.org/obo/GO_0006915	apoptotic process	http://purl.obolibrary.org/obo/XAO_0004152	head vasculature
http://purl.obolibrary.org/obo/XPO_0136666	decreased apoptosis in heart	http://purl.obolibrary.org/obo/GO_0006915	apoptotic process	http://purl.obolibrary.org/obo/XAO_0000064	heart
http://purl.obolibrary.org/obo/XPO_0136894	decreased apoptosis in heart primordium	http://purl.obolibrary.org/obo/GO_0006915	apoptotic process	http://purl.obolibrary.org/obo/XAO_0000336	heart primordium
http://purl.obolibrary.org/obo/XPO_0137411	decreased apoptosis in hemangioblast	http://purl.obolibrary.org/obo/GO_0006915	apoptotic process	http://purl.obolibrary.org/obo/XAO_0004146	hemangioblast
http://purl.obolibrary.org/obo/XPO_0136720	decreased apoptosis in hematological system	http://purl.obolibrary.org/obo/GO_0006915	apoptotic process	http://purl.obolibrary.org/obo/XAO_0000122	hematological system
http://purl.obolibrary.org/obo/XPO_0137072	decreased apoptosis in hematopoietic stem cell	http://purl.obolibrary.org/obo/GO_0006915	apoptotic process	http://purl.obolibrary.org/obo/XAO_0003055	hematopoietic stem cell
http://purl.obolibrary.org/obo/XPO_0136940	decreased apoptosis in hepatic portal vein	http://purl.obolibrary.org/obo/GO_0006915	apoptotic process	http://purl.obolibrary.org/obo/XAO_0000392	hepatic portal vein
http://purl.obolibrary.org/obo/XPO_0136935	decreased apoptosis in hepatic vein	http://purl.obolibrary.org/obo/GO_0006915	apoptotic process	http://purl.obolibrary.org/obo/XAO_0000387	hepatic vein
http://purl.obolibrary.org/obo/XPO_0136821	decreased apoptosis in hepato-pancreatic duct	http://purl.obolibrary.org/obo/GO_0006915	apoptotic process	http://purl.obolibrary.org/obo/XAO_0000239	hepato-pancreatic duct
http://purl.obolibrary.org/obo/XPO_0137535	decreased apoptosis in hepato-pancreatic progenitor cell	http://purl.obolibrary.org/obo/GO_0006915	apoptotic process	http://purl.obolibrary.org/obo/XAO_0004270	hepato-pancreatic progenitor cell
http://purl.obolibrary.org/obo/XPO_0137890	decreased apoptosis in hepatocyte	http://purl.obolibrary.org/obo/GO_0006915	apoptotic process	http://purl.obolibrary.org/obo/XAO_0005022	hepatocyte
http://purl.obolibrary.org/obo/XPO_0136622	decreased apoptosis in hindbrain	http://purl.obolibrary.org/obo/GO_0006915	apoptotic process	http://purl.obolibrary.org/obo/XAO_0000015	hindbrain
http://purl.obolibrary.org/obo/XPO_0136704	decreased apoptosis in hindgut	http://purl.obolibrary.org/obo/GO_0006915	apoptotic process	http://purl.obolibrary.org/obo/XAO_0000104	hindgut
http://purl.obolibrary.org/obo/XPO_0138099	decreased apoptosis in hindgut endoderm	http://purl.obolibrary.org/obo/GO_0006915	apoptotic process	http://purl.obolibrary.org/obo/XAO_0005247	hindgut endoderm
http://purl.obolibrary.org/obo/XPO_0137767	decreased apoptosis in hindgut primordium	http://purl.obolibrary.org/obo/GO_0006915	apoptotic process	http://purl.obolibrary.org/obo/XAO_0004511	hindgut primordium
http://purl.obolibrary.org/obo/XPO_0137050	decreased apoptosis in hindlimb	http://purl.obolibrary.org/obo/GO_0006915	apoptotic process	http://purl.obolibrary.org/obo/XAO_0003031	hindlimb
http://purl.obolibrary.org/obo/XPO_0137080	decreased apoptosis in hindlimb bud	http://purl.obolibrary.org/obo/GO_0006915	apoptotic process	http://purl.obolibrary.org/obo/XAO_0003066	hindlimb bud
http://purl.obolibrary.org/obo/XPO_0137747	decreased apoptosis in hindlimb bud tip	http://purl.obolibrary.org/obo/GO_0006915	apoptotic process	http://purl.obolibrary.org/obo/XAO_0004491	hindlimb bud tip
http://purl.obolibrary.org/obo/XPO_0137053	decreased apoptosis in hindlimb digit	http://purl.obolibrary.org/obo/GO_0006915	apoptotic process	http://purl.obolibrary.org/obo/XAO_0003035	hindlimb digit
http://purl.obolibrary.org/obo/XPO_0137504	decreased apoptosis in hindlimb digit 1	http://purl.obolibrary.org/obo/GO_0006915	apoptotic process	http://purl.obolibrary.org/obo/XAO_0004239	hindlimb digit 1
http://purl.obolibrary.org/obo/XPO_0137668	decreased apoptosis in hindlimb digit 2	http://purl.obolibrary.org/obo/GO_0006915	apoptotic process	http://purl.obolibrary.org/obo/XAO_0004412	hindlimb digit 2
http://purl.obolibrary.org/obo/XPO_0137669	decreased apoptosis in hindlimb digit 3	http://purl.obolibrary.org/obo/GO_0006915	apoptotic process	http://purl.obolibrary.org/obo/XAO_0004413	hindlimb digit 3
http://purl.obolibrary.org/obo/XPO_0137670	decreased apoptosis in hindlimb digit 4	http://purl.obolibrary.org/obo/GO_0006915	apoptotic process	http://purl.obolibrary.org/obo/XAO_0004414	hindlimb digit 4
http://purl.obolibrary.org/obo/XPO_0137671	decreased apoptosis in hindlimb digit 5	http://purl.obolibrary.org/obo/GO_0006915	apoptotic process	http://purl.obolibrary.org/obo/XAO_0004415	hindlimb digit 5
http://purl.obolibrary.org/obo/XPO_0136682	decreased apoptosis in hindlimb region	http://purl.obolibrary.org/obo/GO_0006915	apoptotic process	http://purl.obolibrary.org/obo/XAO_0000081	hindlimb region
http://purl.obolibrary.org/obo/XPO_0137076	decreased apoptosis in hindlimb skeleton	http://purl.obolibrary.org/obo/GO_0006915	apoptotic process	http://purl.obolibrary.org/obo/XAO_0003062	hindlimb skeleton
http://purl.obolibrary.org/obo/XPO_0137559	decreased apoptosis in hindlimb stylopod	http://purl.obolibrary.org/obo/GO_0006915	apoptotic process	http://purl.obolibrary.org/obo/XAO_0004296	hindlimb stylopod
http://purl.obolibrary.org/obo/XPO_0137561	decreased apoptosis in hindlimb zeugopod	http://purl.obolibrary.org/obo/GO_0006915	apoptotic process	http://purl.obolibrary.org/obo/XAO_0004298	hindlimb zeugopod
http://purl.obolibrary.org/obo/XPO_0137362	decreased apoptosis in horizontal cell	http://purl.obolibrary.org/obo/GO_0006915	apoptotic process	http://purl.obolibrary.org/obo/XAO_0004097	horizontal cell
http://purl.obolibrary.org/obo/XPO_0137207	decreased apoptosis in humerus	http://purl.obolibrary.org/obo/GO_0006915	apoptotic process	http://purl.obolibrary.org/obo/XAO_0003210	humerus
http://purl.obolibrary.org/obo/XPO_0137295	decreased apoptosis in hyaline cartilage tissue	http://purl.obolibrary.org/obo/GO_0006915	apoptotic process	http://purl.obolibrary.org/obo/XAO_0004029	hyaline cartilage tissue
http://purl.obolibrary.org/obo/XPO_0137420	decreased apoptosis in hyaloid artery	http://purl.obolibrary.org/obo/GO_0006915	apoptotic process	http://purl.obolibrary.org/obo/XAO_0004155	hyaloid artery
http://purl.obolibrary.org/obo/XPO_0137419	decreased apoptosis in hyaloid blood vessel	http://purl.obolibrary.org/obo/GO_0006915	apoptotic process	http://purl.obolibrary.org/obo/XAO_0004154	hyaloid blood vessel
http://purl.obolibrary.org/obo/XPO_0137422	decreased apoptosis in hyaloid vascular plexus	http://purl.obolibrary.org/obo/GO_0006915	apoptotic process	http://purl.obolibrary.org/obo/XAO_0004157	hyaloid vascular plexus
http://purl.obolibrary.org/obo/XPO_0137421	decreased apoptosis in hyaloid vein	http://purl.obolibrary.org/obo/GO_0006915	apoptotic process	http://purl.obolibrary.org/obo/XAO_0004156	hyaloid vein
http://purl.obolibrary.org/obo/XPO_0136698	decreased apoptosis in hyoid arch	http://purl.obolibrary.org/obo/GO_0006915	apoptotic process	http://purl.obolibrary.org/obo/XAO_0000098	hyoid arch
http://purl.obolibrary.org/obo/XPO_0137179	decreased apoptosis in hyoid arch skeleton	http://purl.obolibrary.org/obo/GO_0006915	apoptotic process	http://purl.obolibrary.org/obo/XAO_0003177	hyoid arch skeleton
http://purl.obolibrary.org/obo/XPO_0136631	decreased apoptosis in hyoid crest	http://purl.obolibrary.org/obo/GO_0006915	apoptotic process	http://purl.obolibrary.org/obo/XAO_0000025	hyoid crest
http://purl.obolibrary.org/obo/XPO_0137587	decreased apoptosis in hyoid head muscle	http://purl.obolibrary.org/obo/GO_0006915	apoptotic process	http://purl.obolibrary.org/obo/XAO_0004324	hyoid head muscle
http://purl.obolibrary.org/obo/XPO_0136994	decreased apoptosis in hyomandibular lateral line	http://purl.obolibrary.org/obo/GO_0006915	apoptotic process	http://purl.obolibrary.org/obo/XAO_0000460	hyomandibular lateral line
http://purl.obolibrary.org/obo/XPO_0137225	decreased apoptosis in hypaxial muscle	http://purl.obolibrary.org/obo/GO_0006915	apoptotic process	http://purl.obolibrary.org/obo/XAO_0003228	hypaxial muscle
http://purl.obolibrary.org/obo/XPO_0137589	decreased apoptosis in hypobranchial head muscle	http://purl.obolibrary.org/obo/GO_0006915	apoptotic process	http://purl.obolibrary.org/obo/XAO_0004326	hypobranchial head muscle
http://purl.obolibrary.org/obo/XPO_0136884	decreased apoptosis in hypobranchial placode	http://purl.obolibrary.org/obo/GO_0006915	apoptotic process	http://purl.obolibrary.org/obo/XAO_0000324	hypobranchial placode
http://purl.obolibrary.org/obo/XPO_0136661	decreased apoptosis in hypochord	http://purl.obolibrary.org/obo/GO_0006915	apoptotic process	http://purl.obolibrary.org/obo/XAO_0000056	hypochord
http://purl.obolibrary.org/obo/XPO_0137480	decreased apoptosis in hypoglossal nerve	http://purl.obolibrary.org/obo/GO_0006915	apoptotic process	http://purl.obolibrary.org/obo/XAO_0004215	hypoglossal nerve
http://purl.obolibrary.org/obo/XPO_0136847	decreased apoptosis in hypophyseal primordium	http://purl.obolibrary.org/obo/GO_0006915	apoptotic process	http://purl.obolibrary.org/obo/XAO_0000267	hypophyseal primordium
http://purl.obolibrary.org/obo/XPO_0136624	decreased apoptosis in hypophysis	http://purl.obolibrary.org/obo/GO_0006915	apoptotic process	http://purl.obolibrary.org/obo/XAO_0000017	hypophysis
http://purl.obolibrary.org/obo/XPO_0137336	decreased apoptosis in hypothalamus	http://purl.obolibrary.org/obo/GO_0006915	apoptotic process	http://purl.obolibrary.org/obo/XAO_0004070	hypothalamus
http://purl.obolibrary.org/obo/XPO_0136819	decreased apoptosis in ileum	http://purl.obolibrary.org/obo/GO_0006915	apoptotic process	http://purl.obolibrary.org/obo/XAO_0000237	ileum
http://purl.obolibrary.org/obo/XPO_0137750	decreased apoptosis in iliac process	http://purl.obolibrary.org/obo/GO_0006915	apoptotic process	http://purl.obolibrary.org/obo/XAO_0004494	iliac process
http://purl.obolibrary.org/obo/XPO_0137751	decreased apoptosis in iliac process primordium	http://purl.obolibrary.org/obo/GO_0006915	apoptotic process	http://purl.obolibrary.org/obo/XAO_0004495	iliac process primordium
http://purl.obolibrary.org/obo/XPO_0137937	decreased apoptosis in iliofibularis	http://purl.obolibrary.org/obo/GO_0006915	apoptotic process	http://purl.obolibrary.org/obo/XAO_0005069	iliofibularis
http://purl.obolibrary.org/obo/XPO_0137752	decreased apoptosis in ilium	http://purl.obolibrary.org/obo/GO_0006915	apoptotic process	http://purl.obolibrary.org/obo/XAO_0004496	ilium
http://purl.obolibrary.org/obo/XPO_0137156	decreased apoptosis in immune system	http://purl.obolibrary.org/obo/GO_0006915	apoptotic process	http://purl.obolibrary.org/obo/XAO_0003152	immune system
http://purl.obolibrary.org/obo/XPO_0136993	decreased apoptosis in infraorbital lateral line	http://purl.obolibrary.org/obo/GO_0006915	apoptotic process	http://purl.obolibrary.org/obo/XAO_0000459	infraorbital lateral line
http://purl.obolibrary.org/obo/XPO_0136977	decreased apoptosis in infraorbital lateral line primordium	http://purl.obolibrary.org/obo/GO_0006915	apoptotic process	http://purl.obolibrary.org/obo/XAO_0000441	infraorbital lateral line primordium
http://purl.obolibrary.org/obo/XPO_0137627	decreased apoptosis in infrarostral	http://purl.obolibrary.org/obo/GO_0006915	apoptotic process	http://purl.obolibrary.org/obo/XAO_0004368	infrarostral
http://purl.obolibrary.org/obo/XPO_0137475	decreased apoptosis in infundibulum	http://purl.obolibrary.org/obo/GO_0006915	apoptotic process	http://purl.obolibrary.org/obo/XAO_0004210	infundibulum
http://purl.obolibrary.org/obo/XPO_0136782	decreased apoptosis in inner ear	http://purl.obolibrary.org/obo/GO_0006915	apoptotic process	http://purl.obolibrary.org/obo/XAO_0000192	inner ear
http://purl.obolibrary.org/obo/XPO_0136611	decreased apoptosis in inner fin	http://purl.obolibrary.org/obo/GO_0006915	apoptotic process	http://purl.obolibrary.org/obo/XAO_0000004	inner fin
http://purl.obolibrary.org/obo/XPO_0137219	decreased apoptosis in inner limiting membrane	http://purl.obolibrary.org/obo/GO_0006915	apoptotic process	http://purl.obolibrary.org/obo/XAO_0003222	inner limiting membrane
http://purl.obolibrary.org/obo/XPO_0138158	decreased apoptosis in intercanthal region	http://purl.obolibrary.org/obo/GO_0006915	apoptotic process	http://purl.obolibrary.org/obo/XAO_0005321	intercanthal region
http://purl.obolibrary.org/obo/XPO_0137666	decreased apoptosis in interdigital mesenchyme	http://purl.obolibrary.org/obo/GO_0006915	apoptotic process	http://purl.obolibrary.org/obo/XAO_0004410	interdigital mesenchyme
http://purl.obolibrary.org/obo/XPO_0137579	decreased apoptosis in interdigital region	http://purl.obolibrary.org/obo/GO_0006915	apoptotic process	http://purl.obolibrary.org/obo/XAO_0004316	interdigital region
http://purl.obolibrary.org/obo/XPO_0137762	decreased apoptosis in interdigital webbing	http://purl.obolibrary.org/obo/GO_0006915	apoptotic process	http://purl.obolibrary.org/obo/XAO_0004506	interdigital webbing
http://purl.obolibrary.org/obo/XPO_0136686	decreased apoptosis in intermediate mesoderm	http://purl.obolibrary.org/obo/GO_0006915	apoptotic process	http://purl.obolibrary.org/obo/XAO_0000085	intermediate mesoderm
http://purl.obolibrary.org/obo/XPO_0136917	decreased apoptosis in internal carotid artery	http://purl.obolibrary.org/obo/GO_0006915	apoptotic process	http://purl.obolibrary.org/obo/XAO_0000366	internal carotid artery
http://purl.obolibrary.org/obo/XPO_0137932	decreased apoptosis in internal coil of the small intestine	http://purl.obolibrary.org/obo/GO_0006915	apoptotic process	http://purl.obolibrary.org/obo/XAO_0005064	internal coil of the small intestine
http://purl.obolibrary.org/obo/XPO_0136931	decreased apoptosis in internal jugular vein	http://purl.obolibrary.org/obo/GO_0006915	apoptotic process	http://purl.obolibrary.org/obo/XAO_0000382	internal jugular vein
http://purl.obolibrary.org/obo/XPO_0137532	decreased apoptosis in interneuron	http://purl.obolibrary.org/obo/GO_0006915	apoptotic process	http://purl.obolibrary.org/obo/XAO_0004267	interneuron
http://purl.obolibrary.org/obo/XPO_0136934	decreased apoptosis in interrenal vein	http://purl.obolibrary.org/obo/GO_0006915	apoptotic process	http://purl.obolibrary.org/obo/XAO_0000386	interrenal vein
http://purl.obolibrary.org/obo/XPO_0137430	decreased apoptosis in intersomitic artery	http://purl.obolibrary.org/obo/GO_0006915	apoptotic process	http://purl.obolibrary.org/obo/XAO_0004165	intersomitic artery
http://purl.obolibrary.org/obo/XPO_0137342	decreased apoptosis in intersomitic epithelium	http://purl.obolibrary.org/obo/GO_0006915	apoptotic process	http://purl.obolibrary.org/obo/XAO_0004077	intersomitic epithelium
http://purl.obolibrary.org/obo/XPO_0137343	decreased apoptosis in intersomitic neuron	http://purl.obolibrary.org/obo/GO_0006915	apoptotic process	http://purl.obolibrary.org/obo/XAO_0004078	intersomitic neuron
http://purl.obolibrary.org/obo/XPO_0137339	decreased apoptosis in intersomitic region	http://purl.obolibrary.org/obo/GO_0006915	apoptotic process	http://purl.obolibrary.org/obo/XAO_0004074	intersomitic region
http://purl.obolibrary.org/obo/XPO_0137341	decreased apoptosis in intersomitic tendon	http://purl.obolibrary.org/obo/GO_0006915	apoptotic process	http://purl.obolibrary.org/obo/XAO_0004076	intersomitic tendon
http://purl.obolibrary.org/obo/XPO_0137429	decreased apoptosis in intersomitic vein	http://purl.obolibrary.org/obo/GO_0006915	apoptotic process	http://purl.obolibrary.org/obo/XAO_0004164	intersomitic vein
http://purl.obolibrary.org/obo/XPO_0137340	decreased apoptosis in intersomitic vessel	http://purl.obolibrary.org/obo/GO_0006915	apoptotic process	http://purl.obolibrary.org/obo/XAO_0004075	intersomitic vessel
http://purl.obolibrary.org/obo/XPO_0137889	decreased apoptosis in interstitial cell of Leydig	http://purl.obolibrary.org/obo/GO_0006915	apoptotic process	http://purl.obolibrary.org/obo/XAO_0005021	interstitial cell of Leydig
http://purl.obolibrary.org/obo/XPO_0138089	decreased apoptosis in intestinal stem cell	http://purl.obolibrary.org/obo/GO_0006915	apoptotic process	http://purl.obolibrary.org/obo/XAO_0005236	intestinal stem cell
http://purl.obolibrary.org/obo/XPO_0136726	decreased apoptosis in intestine	http://purl.obolibrary.org/obo/GO_0006915	apoptotic process	http://purl.obolibrary.org/obo/XAO_0000129	intestine
http://purl.obolibrary.org/obo/XPO_0136684	decreased apoptosis in involuted dorsal mesoderm	http://purl.obolibrary.org/obo/GO_0006915	apoptotic process	http://purl.obolibrary.org/obo/XAO_0000083	involuted dorsal mesoderm
http://purl.obolibrary.org/obo/XPO_0136685	decreased apoptosis in involuted ventral mesoderm	http://purl.obolibrary.org/obo/GO_0006915	apoptotic process	http://purl.obolibrary.org/obo/XAO_0000084	involuted ventral mesoderm
http://purl.obolibrary.org/obo/XPO_0136675	decreased apoptosis in involuting marginal zone	http://purl.obolibrary.org/obo/GO_0006915	apoptotic process	http://purl.obolibrary.org/obo/XAO_0000074	involuting marginal zone
http://purl.obolibrary.org/obo/XPO_0136677	decreased apoptosis in involuting marginal zone epithelial layer	http://purl.obolibrary.org/obo/GO_0006915	apoptotic process	http://purl.obolibrary.org/obo/XAO_0000076	involuting marginal zone epithelial layer
http://purl.obolibrary.org/obo/XPO_0136676	decreased apoptosis in involuting marginal zone mesenchymal layer	http://purl.obolibrary.org/obo/GO_0006915	apoptotic process	http://purl.obolibrary.org/obo/XAO_0000075	involuting marginal zone mesenchymal layer
http://purl.obolibrary.org/obo/XPO_0137350	decreased apoptosis in ionocyte	http://purl.obolibrary.org/obo/GO_0006915	apoptotic process	http://purl.obolibrary.org/obo/XAO_0004085	ionocyte
http://purl.obolibrary.org/obo/XPO_0138085	decreased apoptosis in ionocyte, alpha subtype	http://purl.obolibrary.org/obo/GO_0006915	apoptotic process	http://purl.obolibrary.org/obo/XAO_0005232	ionocyte, alpha subtype
http://purl.obolibrary.org/obo/XPO_0138086	decreased apoptosis in ionocyte, beta subtype	http://purl.obolibrary.org/obo/GO_0006915	apoptotic process	http://purl.obolibrary.org/obo/XAO_0005233	ionocyte, beta subtype
http://purl.obolibrary.org/obo/XPO_0137004	decreased apoptosis in iridophore	http://purl.obolibrary.org/obo/GO_0006915	apoptotic process	http://purl.obolibrary.org/obo/XAO_0000472	iridophore
http://purl.obolibrary.org/obo/XPO_0136775	decreased apoptosis in iris	http://purl.obolibrary.org/obo/GO_0006915	apoptotic process	http://purl.obolibrary.org/obo/XAO_0000185	iris
http://purl.obolibrary.org/obo/XPO_0137507	decreased apoptosis in ischiadic artery	http://purl.obolibrary.org/obo/GO_0006915	apoptotic process	http://purl.obolibrary.org/obo/XAO_0004242	ischiadic artery
http://purl.obolibrary.org/obo/XPO_0137506	decreased apoptosis in ischiadic vein	http://purl.obolibrary.org/obo/GO_0006915	apoptotic process	http://purl.obolibrary.org/obo/XAO_0004241	ischiadic vein
http://purl.obolibrary.org/obo/XPO_0137753	decreased apoptosis in ischium	http://purl.obolibrary.org/obo/GO_0006915	apoptotic process	http://purl.obolibrary.org/obo/XAO_0004497	ischium
http://purl.obolibrary.org/obo/XPO_0136751	decreased apoptosis in islets of Langerhans	http://purl.obolibrary.org/obo/GO_0006915	apoptotic process	http://purl.obolibrary.org/obo/XAO_0000159	islets of Langerhans
http://purl.obolibrary.org/obo/XPO_0137809	decreased apoptosis in isthmic nucleus	http://purl.obolibrary.org/obo/GO_0006915	apoptotic process	http://purl.obolibrary.org/obo/XAO_0004557	isthmic nucleus
http://purl.obolibrary.org/obo/XPO_0137265	decreased apoptosis in jaw muscle	http://purl.obolibrary.org/obo/GO_0006915	apoptotic process	http://purl.obolibrary.org/obo/XAO_0003269	jaw muscle
http://purl.obolibrary.org/obo/XPO_0138125	decreased apoptosis in jaw muscle primordium	http://purl.obolibrary.org/obo/GO_0006915	apoptotic process	http://purl.obolibrary.org/obo/XAO_0005287	jaw muscle primordium
http://purl.obolibrary.org/obo/XPO_0136762	decreased apoptosis in joint	http://purl.obolibrary.org/obo/GO_0006915	apoptotic process	http://purl.obolibrary.org/obo/XAO_0000171	joint
http://purl.obolibrary.org/obo/XPO_0137576	decreased apoptosis in joint region	http://purl.obolibrary.org/obo/GO_0006915	apoptotic process	http://purl.obolibrary.org/obo/XAO_0004313	joint region
http://purl.obolibrary.org/obo/XPO_0137248	decreased apoptosis in keratin accumulating cell	http://purl.obolibrary.org/obo/GO_0006915	apoptotic process	http://purl.obolibrary.org/obo/XAO_0003252	keratin accumulating cell
http://purl.obolibrary.org/obo/XPO_0137660	decreased apoptosis in keratinocyte	http://purl.obolibrary.org/obo/GO_0006915	apoptotic process	http://purl.obolibrary.org/obo/XAO_0004404	keratinocyte
http://purl.obolibrary.org/obo/XPO_0137263	decreased apoptosis in kidney	http://purl.obolibrary.org/obo/GO_0006915	apoptotic process	http://purl.obolibrary.org/obo/XAO_0003267	kidney
http://purl.obolibrary.org/obo/XPO_0136786	decreased apoptosis in lagena	http://purl.obolibrary.org/obo/GO_0006915	apoptotic process	http://purl.obolibrary.org/obo/XAO_0000197	lagena
http://purl.obolibrary.org/obo/XPO_0136728	decreased apoptosis in large intestine	http://purl.obolibrary.org/obo/GO_0006915	apoptotic process	http://purl.obolibrary.org/obo/XAO_0000131	large intestine
http://purl.obolibrary.org/obo/XPO_0138083	decreased apoptosis in larval alimentary system	http://purl.obolibrary.org/obo/GO_0006915	apoptotic process	http://purl.obolibrary.org/obo/XAO_0005230	larval alimentary system
http://purl.obolibrary.org/obo/XPO_0136904	decreased apoptosis in larval aorta	http://purl.obolibrary.org/obo/GO_0006915	apoptotic process	http://purl.obolibrary.org/obo/XAO_0000349	larval aorta
http://purl.obolibrary.org/obo/XPO_0137157	decreased apoptosis in larval immune system	http://purl.obolibrary.org/obo/GO_0006915	apoptotic process	http://purl.obolibrary.org/obo/XAO_0003153	larval immune system
http://purl.obolibrary.org/obo/XPO_0137873	decreased apoptosis in larval intestinal epithelium	http://purl.obolibrary.org/obo/GO_0006915	apoptotic process	http://purl.obolibrary.org/obo/XAO_0005003	larval intestinal epithelium
http://purl.obolibrary.org/obo/XPO_0137612	decreased apoptosis in laryngeal muscle	http://purl.obolibrary.org/obo/GO_0006915	apoptotic process	http://purl.obolibrary.org/obo/XAO_0004351	laryngeal muscle
http://purl.obolibrary.org/obo/XPO_0137704	decreased apoptosis in laryngeal muscle primordium	http://purl.obolibrary.org/obo/GO_0006915	apoptotic process	http://purl.obolibrary.org/obo/XAO_0004448	laryngeal muscle primordium
http://purl.obolibrary.org/obo/XPO_0137089	decreased apoptosis in larynx	http://purl.obolibrary.org/obo/GO_0006915	apoptotic process	http://purl.obolibrary.org/obo/XAO_0003081	larynx
http://purl.obolibrary.org/obo/XPO_0136866	decreased apoptosis in late distal tubule	http://purl.obolibrary.org/obo/GO_0006915	apoptotic process	http://purl.obolibrary.org/obo/XAO_0000289	late distal tubule
http://purl.obolibrary.org/obo/XPO_0136863	decreased apoptosis in late proximal tubule	http://purl.obolibrary.org/obo/GO_0006915	apoptotic process	http://purl.obolibrary.org/obo/XAO_0000286	late proximal tubule
http://purl.obolibrary.org/obo/XPO_0137493	decreased apoptosis in lateral abdominal vein	http://purl.obolibrary.org/obo/GO_0006915	apoptotic process	http://purl.obolibrary.org/obo/XAO_0004228	lateral abdominal vein
http://purl.obolibrary.org/obo/XPO_0137810	decreased apoptosis in lateral amygdala	http://purl.obolibrary.org/obo/GO_0006915	apoptotic process	http://purl.obolibrary.org/obo/XAO_0004558	lateral amygdala
http://purl.obolibrary.org/obo/XPO_0137396	decreased apoptosis in lateral crista	http://purl.obolibrary.org/obo/GO_0006915	apoptotic process	http://purl.obolibrary.org/obo/XAO_0004131	lateral crista
http://purl.obolibrary.org/obo/XPO_0137811	decreased apoptosis in lateral forebrain bundle	http://purl.obolibrary.org/obo/GO_0006915	apoptotic process	http://purl.obolibrary.org/obo/XAO_0004559	lateral forebrain bundle
http://purl.obolibrary.org/obo/XPO_0137812	decreased apoptosis in lateral funiculus	http://purl.obolibrary.org/obo/GO_0006915	apoptotic process	http://purl.obolibrary.org/obo/XAO_0004560	lateral funiculus
http://purl.obolibrary.org/obo/XPO_0137502	decreased apoptosis in lateral ganglionic eminence	http://purl.obolibrary.org/obo/GO_0006915	apoptotic process	http://purl.obolibrary.org/obo/XAO_0004237	lateral ganglionic eminence
http://purl.obolibrary.org/obo/XPO_0137813	decreased apoptosis in lateral hypothalamic nucleus	http://purl.obolibrary.org/obo/GO_0006915	apoptotic process	http://purl.obolibrary.org/obo/XAO_0004562	lateral hypothalamic nucleus
http://purl.obolibrary.org/obo/XPO_0137268	decreased apoptosis in lateral line	http://purl.obolibrary.org/obo/GO_0006915	apoptotic process	http://purl.obolibrary.org/obo/XAO_0004002	lateral line
http://purl.obolibrary.org/obo/XPO_0137713	decreased apoptosis in lateral line ganglion	http://purl.obolibrary.org/obo/GO_0006915	apoptotic process	http://purl.obolibrary.org/obo/XAO_0004457	lateral line ganglion
http://purl.obolibrary.org/obo/XPO_0136976	decreased apoptosis in lateral line placode	http://purl.obolibrary.org/obo/GO_0006915	apoptotic process	http://purl.obolibrary.org/obo/XAO_0000440	lateral line placode
http://purl.obolibrary.org/obo/XPO_0137667	decreased apoptosis in lateral line primordium	http://purl.obolibrary.org/obo/GO_0006915	apoptotic process	http://purl.obolibrary.org/obo/XAO_0004411	lateral line primordium
http://purl.obolibrary.org/obo/XPO_0136695	decreased apoptosis in lateral line system	http://purl.obolibrary.org/obo/GO_0006915	apoptotic process	http://purl.obolibrary.org/obo/XAO_0000095	lateral line system
http://purl.obolibrary.org/obo/XPO_0138059	decreased apoptosis in lateral nasal prominence	http://purl.obolibrary.org/obo/GO_0006915	apoptotic process	http://purl.obolibrary.org/obo/XAO_0005193	lateral nasal prominence
http://purl.obolibrary.org/obo/XPO_0137814	decreased apoptosis in lateral pallium	http://purl.obolibrary.org/obo/GO_0006915	apoptotic process	http://purl.obolibrary.org/obo/XAO_0004563	lateral pallium
http://purl.obolibrary.org/obo/XPO_0136875	decreased apoptosis in lateral plate mesoderm	http://purl.obolibrary.org/obo/GO_0006915	apoptotic process	http://purl.obolibrary.org/obo/XAO_0000311	lateral plate mesoderm
http://purl.obolibrary.org/obo/XPO_0136930	decreased apoptosis in lateral postcardinal vein	http://purl.obolibrary.org/obo/GO_0006915	apoptotic process	http://purl.obolibrary.org/obo/XAO_0000380	lateral postcardinal vein
http://purl.obolibrary.org/obo/XPO_0138063	decreased apoptosis in lateral preplacodal ectoderm	http://purl.obolibrary.org/obo/GO_0006915	apoptotic process	http://purl.obolibrary.org/obo/XAO_0005197	lateral preplacodal ectoderm
http://purl.obolibrary.org/obo/XPO_0137909	decreased apoptosis in lateral semicircular canal	http://purl.obolibrary.org/obo/GO_0006915	apoptotic process	http://purl.obolibrary.org/obo/XAO_0005041	lateral semicircular canal
http://purl.obolibrary.org/obo/XPO_0137815	decreased apoptosis in lateral septum	http://purl.obolibrary.org/obo/GO_0006915	apoptotic process	http://purl.obolibrary.org/obo/XAO_0004564	lateral septum
http://purl.obolibrary.org/obo/XPO_0137520	decreased apoptosis in lateral vein	http://purl.obolibrary.org/obo/GO_0006915	apoptotic process	http://purl.obolibrary.org/obo/XAO_0004255	lateral vein
http://purl.obolibrary.org/obo/XPO_0137816	decreased apoptosis in laterodorsal tegmental nucleus	http://purl.obolibrary.org/obo/GO_0006915	apoptotic process	http://purl.obolibrary.org/obo/XAO_0004565	laterodorsal tegmental nucleus
http://purl.obolibrary.org/obo/XPO_0137188	decreased apoptosis in left atrium	http://purl.obolibrary.org/obo/GO_0006915	apoptotic process	http://purl.obolibrary.org/obo/XAO_0003191	left atrium
http://purl.obolibrary.org/obo/XPO_0138038	decreased apoptosis in left blastomere	http://purl.obolibrary.org/obo/GO_0006915	apoptotic process	http://purl.obolibrary.org/obo/XAO_0005172	left blastomere
http://purl.obolibrary.org/obo/XPO_0136897	decreased apoptosis in left channel of ventral aorta	http://purl.obolibrary.org/obo/GO_0006915	apoptotic process	http://purl.obolibrary.org/obo/XAO_0000339	left channel of ventral aorta
http://purl.obolibrary.org/obo/XPO_0136923	decreased apoptosis in left lymph heart	http://purl.obolibrary.org/obo/GO_0006915	apoptotic process	http://purl.obolibrary.org/obo/XAO_0000372	left lymph heart
http://purl.obolibrary.org/obo/XPO_0137431	decreased apoptosis in left omphalomesenteric vein	http://purl.obolibrary.org/obo/GO_0006915	apoptotic process	http://purl.obolibrary.org/obo/XAO_0004166	left omphalomesenteric vein
http://purl.obolibrary.org/obo/XPO_0138116	decreased apoptosis in left optic vesicle	http://purl.obolibrary.org/obo/GO_0006915	apoptotic process	http://purl.obolibrary.org/obo/XAO_0005276	left optic vesicle
http://purl.obolibrary.org/obo/XPO_0136885	decreased apoptosis in left spleen primordium	http://purl.obolibrary.org/obo/GO_0006915	apoptotic process	http://purl.obolibrary.org/obo/XAO_0000326	left spleen primordium
http://purl.obolibrary.org/obo/XPO_0138040	decreased apoptosis in left-dorsal blastomere	http://purl.obolibrary.org/obo/GO_0006915	apoptotic process	http://purl.obolibrary.org/obo/XAO_0005174	left-dorsal blastomere
http://purl.obolibrary.org/obo/XPO_0138036	decreased apoptosis in left-right organizer	http://purl.obolibrary.org/obo/GO_0006915	apoptotic process	http://purl.obolibrary.org/obo/XAO_0005170	left-right organizer
http://purl.obolibrary.org/obo/XPO_0138035	decreased apoptosis in left-right organizer primordium	http://purl.obolibrary.org/obo/GO_0006915	apoptotic process	http://purl.obolibrary.org/obo/XAO_0005169	left-right organizer primordium
http://purl.obolibrary.org/obo/XPO_0138042	decreased apoptosis in left-ventral blastomere	http://purl.obolibrary.org/obo/GO_0006915	apoptotic process	http://purl.obolibrary.org/obo/XAO_0005176	left-ventral blastomere
http://purl.obolibrary.org/obo/XPO_0136615	decreased apoptosis in lens	http://purl.obolibrary.org/obo/GO_0006915	apoptotic process	http://purl.obolibrary.org/obo/XAO_0000008	lens
http://purl.obolibrary.org/obo/XPO_0137359	decreased apoptosis in lens epithelium	http://purl.obolibrary.org/obo/GO_0006915	apoptotic process	http://purl.obolibrary.org/obo/XAO_0004094	lens epithelium
http://purl.obolibrary.org/obo/XPO_0137361	decreased apoptosis in lens fiber cell mass	http://purl.obolibrary.org/obo/GO_0006915	apoptotic process	http://purl.obolibrary.org/obo/XAO_0004096	lens fiber cell mass
http://purl.obolibrary.org/obo/XPO_0136822	decreased apoptosis in lens placode	http://purl.obolibrary.org/obo/GO_0006915	apoptotic process	http://purl.obolibrary.org/obo/XAO_0000240	lens placode
http://purl.obolibrary.org/obo/XPO_0137360	decreased apoptosis in lens transitional zone	http://purl.obolibrary.org/obo/GO_0006915	apoptotic process	http://purl.obolibrary.org/obo/XAO_0004095	lens transitional zone
http://purl.obolibrary.org/obo/XPO_0137297	decreased apoptosis in ligament	http://purl.obolibrary.org/obo/GO_0006915	apoptotic process	http://purl.obolibrary.org/obo/XAO_0004031	ligament
http://purl.obolibrary.org/obo/XPO_0137249	decreased apoptosis in ligament cell	http://purl.obolibrary.org/obo/GO_0006915	apoptotic process	http://purl.obolibrary.org/obo/XAO_0003253	ligament cell
http://purl.obolibrary.org/obo/XPO_0137047	decreased apoptosis in limb	http://purl.obolibrary.org/obo/GO_0006915	apoptotic process	http://purl.obolibrary.org/obo/XAO_0003027	limb
http://purl.obolibrary.org/obo/XPO_0137165	decreased apoptosis in limb bud	http://purl.obolibrary.org/obo/GO_0006915	apoptotic process	http://purl.obolibrary.org/obo/XAO_0003161	limb bud
http://purl.obolibrary.org/obo/XPO_0137557	decreased apoptosis in limb segment	http://purl.obolibrary.org/obo/GO_0006915	apoptotic process	http://purl.obolibrary.org/obo/XAO_0004294	limb segment
http://purl.obolibrary.org/obo/XPO_0136730	decreased apoptosis in liver	http://purl.obolibrary.org/obo/GO_0006915	apoptotic process	http://purl.obolibrary.org/obo/XAO_0000133	liver
http://purl.obolibrary.org/obo/XPO_0136729	decreased apoptosis in liver and biliary system	http://purl.obolibrary.org/obo/GO_0006915	apoptotic process	http://purl.obolibrary.org/obo/XAO_0000132	liver and biliary system
http://purl.obolibrary.org/obo/XPO_0136701	decreased apoptosis in liver diverticulum	http://purl.obolibrary.org/obo/GO_0006915	apoptotic process	http://purl.obolibrary.org/obo/XAO_0000101	liver diverticulum
http://purl.obolibrary.org/obo/XPO_0136989	decreased apoptosis in liver parenchyme	http://purl.obolibrary.org/obo/GO_0006915	apoptotic process	http://purl.obolibrary.org/obo/XAO_0000454	liver parenchyme
http://purl.obolibrary.org/obo/XPO_0137262	decreased apoptosis in liver primordium	http://purl.obolibrary.org/obo/GO_0006915	apoptotic process	http://purl.obolibrary.org/obo/XAO_0003266	liver primordium
http://purl.obolibrary.org/obo/XPO_0137817	decreased apoptosis in locus coeruleus	http://purl.obolibrary.org/obo/GO_0006915	apoptotic process	http://purl.obolibrary.org/obo/XAO_0004566	locus coeruleus
http://purl.obolibrary.org/obo/XPO_0136690	decreased apoptosis in lower blastopore lip	http://purl.obolibrary.org/obo/GO_0006915	apoptotic process	http://purl.obolibrary.org/obo/XAO_0000089	lower blastopore lip
http://purl.obolibrary.org/obo/XPO_0136614	decreased apoptosis in lower eyelid	http://purl.obolibrary.org/obo/GO_0006915	apoptotic process	http://purl.obolibrary.org/obo/XAO_0000007	lower eyelid
http://purl.obolibrary.org/obo/XPO_0137091	decreased apoptosis in lower jaw	http://purl.obolibrary.org/obo/GO_0006915	apoptotic process	http://purl.obolibrary.org/obo/XAO_0003084	lower jaw
http://purl.obolibrary.org/obo/XPO_0136717	decreased apoptosis in lung	http://purl.obolibrary.org/obo/GO_0006915	apoptotic process	http://purl.obolibrary.org/obo/XAO_0000119	lung
http://purl.obolibrary.org/obo/XPO_0138007	decreased apoptosis in lung bud	http://purl.obolibrary.org/obo/GO_0006915	apoptotic process	http://purl.obolibrary.org/obo/XAO_0005140	lung bud
http://purl.obolibrary.org/obo/XPO_0137008	decreased apoptosis in lung primordium	http://purl.obolibrary.org/obo/GO_0006915	apoptotic process	http://purl.obolibrary.org/obo/XAO_0001002	lung primordium
http://purl.obolibrary.org/obo/XPO_0136925	decreased apoptosis in lymph vessel	http://purl.obolibrary.org/obo/GO_0006915	apoptotic process	http://purl.obolibrary.org/obo/XAO_0000375	lymph vessel
http://purl.obolibrary.org/obo/XPO_0137196	decreased apoptosis in lymphatic system	http://purl.obolibrary.org/obo/GO_0006915	apoptotic process	http://purl.obolibrary.org/obo/XAO_0003199	lymphatic system
http://purl.obolibrary.org/obo/XPO_0137159	decreased apoptosis in lymphocyte	http://purl.obolibrary.org/obo/GO_0006915	apoptotic process	http://purl.obolibrary.org/obo/XAO_0003155	lymphocyte
http://purl.obolibrary.org/obo/XPO_0137610	decreased apoptosis in m. constrictor laryngis	http://purl.obolibrary.org/obo/GO_0006915	apoptotic process	http://purl.obolibrary.org/obo/XAO_0004349	m. constrictor laryngis
http://purl.obolibrary.org/obo/XPO_0137702	decreased apoptosis in m. constrictor laryngis primordium	http://purl.obolibrary.org/obo/GO_0006915	apoptotic process	http://purl.obolibrary.org/obo/XAO_0004446	m. constrictor laryngis primordium
http://purl.obolibrary.org/obo/XPO_0138018	decreased apoptosis in m. cucullaris	http://purl.obolibrary.org/obo/GO_0006915	apoptotic process	http://purl.obolibrary.org/obo/XAO_0005152	m. cucullaris
http://purl.obolibrary.org/obo/XPO_0138014	decreased apoptosis in m. depressor mandibulae	http://purl.obolibrary.org/obo/GO_0006915	apoptotic process	http://purl.obolibrary.org/obo/XAO_0005148	m. depressor mandibulae
http://purl.obolibrary.org/obo/XPO_0137611	decreased apoptosis in m. dilatator laryngis	http://purl.obolibrary.org/obo/GO_0006915	apoptotic process	http://purl.obolibrary.org/obo/XAO_0004350	m. dilatator laryngis
http://purl.obolibrary.org/obo/XPO_0137703	decreased apoptosis in m. dilatator laryngis primordium	http://purl.obolibrary.org/obo/GO_0006915	apoptotic process	http://purl.obolibrary.org/obo/XAO_0004447	m. dilatator laryngis primordium
http://purl.obolibrary.org/obo/XPO_0137392	decreased apoptosis in m. geniohyoideus	http://purl.obolibrary.org/obo/GO_0006915	apoptotic process	http://purl.obolibrary.org/obo/XAO_0004127	m. geniohyoideus
http://purl.obolibrary.org/obo/XPO_0137700	decreased apoptosis in m. geniohyoideus primordium	http://purl.obolibrary.org/obo/GO_0006915	apoptotic process	http://purl.obolibrary.org/obo/XAO_0004444	m. geniohyoideus primordium
http://purl.obolibrary.org/obo/XPO_0137599	decreased apoptosis in m. interhyoideus	http://purl.obolibrary.org/obo/GO_0006915	apoptotic process	http://purl.obolibrary.org/obo/XAO_0004336	m. interhyoideus
http://purl.obolibrary.org/obo/XPO_0137689	decreased apoptosis in m. interhyoideus primordium	http://purl.obolibrary.org/obo/GO_0006915	apoptotic process	http://purl.obolibrary.org/obo/XAO_0004433	m. interhyoideus primordium
http://purl.obolibrary.org/obo/XPO_0137596	decreased apoptosis in m. intermandibularis	http://purl.obolibrary.org/obo/GO_0006915	apoptotic process	http://purl.obolibrary.org/obo/XAO_0004333	m. intermandibularis
http://purl.obolibrary.org/obo/XPO_0137686	decreased apoptosis in m. intermandibularis primordium	http://purl.obolibrary.org/obo/GO_0006915	apoptotic process	http://purl.obolibrary.org/obo/XAO_0004430	m. intermandibularis primordium
http://purl.obolibrary.org/obo/XPO_0137594	decreased apoptosis in m. levator mandibulae articularis	http://purl.obolibrary.org/obo/GO_0006915	apoptotic process	http://purl.obolibrary.org/obo/XAO_0004331	m. levator mandibulae articularis
http://purl.obolibrary.org/obo/XPO_0137684	decreased apoptosis in m. levator mandibulae articularis primordium	http://purl.obolibrary.org/obo/GO_0006915	apoptotic process	http://purl.obolibrary.org/obo/XAO_0004428	m. levator mandibulae articularis primordium
http://purl.obolibrary.org/obo/XPO_0137595	decreased apoptosis in m. levator mandibulae externus	http://purl.obolibrary.org/obo/GO_0006915	apoptotic process	http://purl.obolibrary.org/obo/XAO_0004332	m. levator mandibulae externus
http://purl.obolibrary.org/obo/XPO_0137685	decreased apoptosis in m. levator mandibulae externus primordium	http://purl.obolibrary.org/obo/GO_0006915	apoptotic process	http://purl.obolibrary.org/obo/XAO_0004429	m. levator mandibulae externus primordium
http://purl.obolibrary.org/obo/XPO_0137591	decreased apoptosis in m. levator mandibulae longus internus	http://purl.obolibrary.org/obo/GO_0006915	apoptotic process	http://purl.obolibrary.org/obo/XAO_0004328	m. levator mandibulae longus internus
http://purl.obolibrary.org/obo/XPO_0137681	decreased apoptosis in m. levator mandibulae longus internus primordium	http://purl.obolibrary.org/obo/GO_0006915	apoptotic process	http://purl.obolibrary.org/obo/XAO_0004425	m. levator mandibulae longus internus primordium
http://purl.obolibrary.org/obo/XPO_0137592	decreased apoptosis in m. levator mandibulae longus profundus	http://purl.obolibrary.org/obo/GO_0006915	apoptotic process	http://purl.obolibrary.org/obo/XAO_0004329	m. levator mandibulae longus profundus
http://purl.obolibrary.org/obo/XPO_0137682	decreased apoptosis in m. levator mandibulae longus profundus primordium	http://purl.obolibrary.org/obo/GO_0006915	apoptotic process	http://purl.obolibrary.org/obo/XAO_0004426	m. levator mandibulae longus profundus primordium
http://purl.obolibrary.org/obo/XPO_0137593	decreased apoptosis in m. levator mandibulae longus superficialis	http://purl.obolibrary.org/obo/GO_0006915	apoptotic process	http://purl.obolibrary.org/obo/XAO_0004330	m. levator mandibulae longus superficialis
http://purl.obolibrary.org/obo/XPO_0137683	decreased apoptosis in m. levator mandibulae longus superior primordium	http://purl.obolibrary.org/obo/GO_0006915	apoptotic process	http://purl.obolibrary.org/obo/XAO_0004427	m. levator mandibulae longus superior primordium
http://purl.obolibrary.org/obo/XPO_0138016	decreased apoptosis in m. levator scapulae inferior	http://purl.obolibrary.org/obo/GO_0006915	apoptotic process	http://purl.obolibrary.org/obo/XAO_0005150	m. levator scapulae inferior
http://purl.obolibrary.org/obo/XPO_0138015	decreased apoptosis in m. levator scapulae superior	http://purl.obolibrary.org/obo/GO_0006915	apoptotic process	http://purl.obolibrary.org/obo/XAO_0005149	m. levator scapulae superior
http://purl.obolibrary.org/obo/XPO_0137617	decreased apoptosis in m. obliquus inferior	http://purl.obolibrary.org/obo/GO_0006915	apoptotic process	http://purl.obolibrary.org/obo/XAO_0004356	m. obliquus inferior
http://purl.obolibrary.org/obo/XPO_0137709	decreased apoptosis in m. obliquus inferior primordium	http://purl.obolibrary.org/obo/GO_0006915	apoptotic process	http://purl.obolibrary.org/obo/XAO_0004453	m. obliquus inferior primordium
http://purl.obolibrary.org/obo/XPO_0137618	decreased apoptosis in m. obliquus superior	http://purl.obolibrary.org/obo/GO_0006915	apoptotic process	http://purl.obolibrary.org/obo/XAO_0004357	m. obliquus superior
http://purl.obolibrary.org/obo/XPO_0137710	decreased apoptosis in m. obliquus superior primordium	http://purl.obolibrary.org/obo/GO_0006915	apoptotic process	http://purl.obolibrary.org/obo/XAO_0004454	m. obliquus superior primordium
http://purl.obolibrary.org/obo/XPO_0137598	decreased apoptosis in m. orbitohyoideus	http://purl.obolibrary.org/obo/GO_0006915	apoptotic process	http://purl.obolibrary.org/obo/XAO_0004335	m. orbitohyoideus
http://purl.obolibrary.org/obo/XPO_0137688	decreased apoptosis in m. orbitohyoideus primordium	http://purl.obolibrary.org/obo/GO_0006915	apoptotic process	http://purl.obolibrary.org/obo/XAO_0004432	m. orbitohyoideus primordium
http://purl.obolibrary.org/obo/XPO_0138017	decreased apoptosis in m. petrohyoideus	http://purl.obolibrary.org/obo/GO_0006915	apoptotic process	http://purl.obolibrary.org/obo/XAO_0005151	m. petrohyoideus
http://purl.obolibrary.org/obo/XPO_0137597	decreased apoptosis in m. quadrato-hyoangularis	http://purl.obolibrary.org/obo/GO_0006915	apoptotic process	http://purl.obolibrary.org/obo/XAO_0004334	m. quadrato-hyoangularis
http://purl.obolibrary.org/obo/XPO_0137687	decreased apoptosis in m. quadrato-hyoangularis primordium	http://purl.obolibrary.org/obo/GO_0006915	apoptotic process	http://purl.obolibrary.org/obo/XAO_0004431	m. quadrato-hyoangularis primordium
http://purl.obolibrary.org/obo/XPO_0137393	decreased apoptosis in m. rectus abdominis	http://purl.obolibrary.org/obo/GO_0006915	apoptotic process	http://purl.obolibrary.org/obo/XAO_0004128	m. rectus abdominis
http://purl.obolibrary.org/obo/XPO_0137613	decreased apoptosis in m. rectus anterior	http://purl.obolibrary.org/obo/GO_0006915	apoptotic process	http://purl.obolibrary.org/obo/XAO_0004352	m. rectus anterior
http://purl.obolibrary.org/obo/XPO_0137705	decreased apoptosis in m. rectus anterior primordium	http://purl.obolibrary.org/obo/GO_0006915	apoptotic process	http://purl.obolibrary.org/obo/XAO_0004449	m. rectus anterior primordium
http://purl.obolibrary.org/obo/XPO_0137701	decreased apoptosis in m. rectus cervicis primordium	http://purl.obolibrary.org/obo/GO_0006915	apoptotic process	http://purl.obolibrary.org/obo/XAO_0004445	m. rectus cervicis primordium
http://purl.obolibrary.org/obo/XPO_0137394	decreased apoptosis in m. rectus cervicus	http://purl.obolibrary.org/obo/GO_0006915	apoptotic process	http://purl.obolibrary.org/obo/XAO_0004129	m. rectus cervicus
http://purl.obolibrary.org/obo/XPO_0137615	decreased apoptosis in m. rectus inferior	http://purl.obolibrary.org/obo/GO_0006915	apoptotic process	http://purl.obolibrary.org/obo/XAO_0004354	m. rectus inferior
http://purl.obolibrary.org/obo/XPO_0137707	decreased apoptosis in m. rectus inferior primordium	http://purl.obolibrary.org/obo/GO_0006915	apoptotic process	http://purl.obolibrary.org/obo/XAO_0004451	m. rectus inferior primordium
http://purl.obolibrary.org/obo/XPO_0137614	decreased apoptosis in m. rectus posterior	http://purl.obolibrary.org/obo/GO_0006915	apoptotic process	http://purl.obolibrary.org/obo/XAO_0004353	m. rectus posterior
http://purl.obolibrary.org/obo/XPO_0137706	decreased apoptosis in m. rectus posterior primordium	http://purl.obolibrary.org/obo/GO_0006915	apoptotic process	http://purl.obolibrary.org/obo/XAO_0004450	m. rectus posterior primordium
http://purl.obolibrary.org/obo/XPO_0137616	decreased apoptosis in m. rectus superior	http://purl.obolibrary.org/obo/GO_0006915	apoptotic process	http://purl.obolibrary.org/obo/XAO_0004355	m. rectus superior
http://purl.obolibrary.org/obo/XPO_0137708	decreased apoptosis in m. rectus superior primordium	http://purl.obolibrary.org/obo/GO_0006915	apoptotic process	http://purl.obolibrary.org/obo/XAO_0004452	m. rectus superior primordium
http://purl.obolibrary.org/obo/XPO_0137600	decreased apoptosis in m. subarcualis rectus I	http://purl.obolibrary.org/obo/GO_0006915	apoptotic process	http://purl.obolibrary.org/obo/XAO_0004337	m. subarcualis rectus I
http://purl.obolibrary.org/obo/XPO_0137690	decreased apoptosis in m. subarcualis rectus I primordium	http://purl.obolibrary.org/obo/GO_0006915	apoptotic process	http://purl.obolibrary.org/obo/XAO_0004434	m. subarcualis rectus I primordium
http://purl.obolibrary.org/obo/XPO_0137601	decreased apoptosis in m. transversus anterior	http://purl.obolibrary.org/obo/GO_0006915	apoptotic process	http://purl.obolibrary.org/obo/XAO_0004338	m. transversus anterior
http://purl.obolibrary.org/obo/XPO_0137691	decreased apoptosis in m. transversus anterior primordium	http://purl.obolibrary.org/obo/GO_0006915	apoptotic process	http://purl.obolibrary.org/obo/XAO_0004435	m. transversus anterior primordium
http://purl.obolibrary.org/obo/XPO_0137602	decreased apoptosis in m. transversus ventralis II	http://purl.obolibrary.org/obo/GO_0006915	apoptotic process	http://purl.obolibrary.org/obo/XAO_0004339	m. transversus ventralis II
http://purl.obolibrary.org/obo/XPO_0137692	decreased apoptosis in m. transversus ventralis II primordium	http://purl.obolibrary.org/obo/GO_0006915	apoptotic process	http://purl.obolibrary.org/obo/XAO_0004436	m. transversus ventralis II primordium
http://purl.obolibrary.org/obo/XPO_0137893	decreased apoptosis in macrophage	http://purl.obolibrary.org/obo/GO_0006915	apoptotic process	http://purl.obolibrary.org/obo/XAO_0005025	macrophage
http://purl.obolibrary.org/obo/XPO_0137818	decreased apoptosis in magnocellular preoptic nucleus	http://purl.obolibrary.org/obo/GO_0006915	apoptotic process	http://purl.obolibrary.org/obo/XAO_0004567	magnocellular preoptic nucleus
http://purl.obolibrary.org/obo/XPO_0136747	decreased apoptosis in male genitalia	http://purl.obolibrary.org/obo/GO_0006915	apoptotic process	http://purl.obolibrary.org/obo/XAO_0000155	male genitalia
http://purl.obolibrary.org/obo/XPO_0137030	decreased apoptosis in male organism	http://purl.obolibrary.org/obo/GO_0006915	apoptotic process	http://purl.obolibrary.org/obo/XAO_0003006	male organism
http://purl.obolibrary.org/obo/XPO_0137850	decreased apoptosis in mammilary region	http://purl.obolibrary.org/obo/GO_0006915	apoptotic process	http://purl.obolibrary.org/obo/XAO_0004605	mammilary region
http://purl.obolibrary.org/obo/XPO_0136697	decreased apoptosis in mandibular arch	http://purl.obolibrary.org/obo/GO_0006915	apoptotic process	http://purl.obolibrary.org/obo/XAO_0000097	mandibular arch
http://purl.obolibrary.org/obo/XPO_0138028	decreased apoptosis in mandibular arch skeleton	http://purl.obolibrary.org/obo/GO_0006915	apoptotic process	http://purl.obolibrary.org/obo/XAO_0005162	mandibular arch skeleton
http://purl.obolibrary.org/obo/XPO_0137509	decreased apoptosis in mandibular artery	http://purl.obolibrary.org/obo/GO_0006915	apoptotic process	http://purl.obolibrary.org/obo/XAO_0004244	mandibular artery
http://purl.obolibrary.org/obo/XPO_0136630	decreased apoptosis in mandibular crest	http://purl.obolibrary.org/obo/GO_0006915	apoptotic process	http://purl.obolibrary.org/obo/XAO_0000024	mandibular crest
http://purl.obolibrary.org/obo/XPO_0137586	decreased apoptosis in mandibular head muscle	http://purl.obolibrary.org/obo/GO_0006915	apoptotic process	http://purl.obolibrary.org/obo/XAO_0004323	mandibular head muscle
http://purl.obolibrary.org/obo/XPO_0137764	decreased apoptosis in mandibular mesenchyme	http://purl.obolibrary.org/obo/GO_0006915	apoptotic process	http://purl.obolibrary.org/obo/XAO_0004508	mandibular mesenchyme
http://purl.obolibrary.org/obo/XPO_0138132	decreased apoptosis in mandibular nerve	http://purl.obolibrary.org/obo/GO_0006915	apoptotic process	http://purl.obolibrary.org/obo/XAO_0005294	mandibular nerve
http://purl.obolibrary.org/obo/XPO_0137500	decreased apoptosis in manicotto glandulare	http://purl.obolibrary.org/obo/GO_0006915	apoptotic process	http://purl.obolibrary.org/obo/XAO_0004235	manicotto glandulare
http://purl.obolibrary.org/obo/XPO_0136670	decreased apoptosis in marginal zone	http://purl.obolibrary.org/obo/GO_0006915	apoptotic process	http://purl.obolibrary.org/obo/XAO_0000068	marginal zone
http://purl.obolibrary.org/obo/XPO_0136873	decreased apoptosis in marginal zone (sensu neural)	http://purl.obolibrary.org/obo/GO_0006915	apoptotic process	http://purl.obolibrary.org/obo/XAO_0000309	marginal zone (sensu neural)
http://purl.obolibrary.org/obo/XPO_0137870	decreased apoptosis in matrix-based tissue	http://purl.obolibrary.org/obo/GO_0006915	apoptotic process	http://purl.obolibrary.org/obo/XAO_0005000	matrix-based tissue
http://purl.obolibrary.org/obo/XPO_0137510	decreased apoptosis in maxillary artery	http://purl.obolibrary.org/obo/GO_0006915	apoptotic process	http://purl.obolibrary.org/obo/XAO_0004245	maxillary artery
http://purl.obolibrary.org/obo/XPO_0138131	decreased apoptosis in maxillary nerve	http://purl.obolibrary.org/obo/GO_0006915	apoptotic process	http://purl.obolibrary.org/obo/XAO_0005293	maxillary nerve
http://purl.obolibrary.org/obo/XPO_0136943	decreased apoptosis in medial abdominal vein	http://purl.obolibrary.org/obo/GO_0006915	apoptotic process	http://purl.obolibrary.org/obo/XAO_0000395	medial abdominal vein
http://purl.obolibrary.org/obo/XPO_0137819	decreased apoptosis in medial amygdala	http://purl.obolibrary.org/obo/GO_0006915	apoptotic process	http://purl.obolibrary.org/obo/XAO_0004568	medial amygdala
http://purl.obolibrary.org/obo/XPO_0136933	decreased apoptosis in medial cardinal vein	http://purl.obolibrary.org/obo/GO_0006915	apoptotic process	http://purl.obolibrary.org/obo/XAO_0000384	medial cardinal vein
http://purl.obolibrary.org/obo/XPO_0137524	decreased apoptosis in medial ganglionic eminence	http://purl.obolibrary.org/obo/GO_0006915	apoptotic process	http://purl.obolibrary.org/obo/XAO_0004259	medial ganglionic eminence
http://purl.obolibrary.org/obo/XPO_0138060	decreased apoptosis in medial nasal prominence	http://purl.obolibrary.org/obo/GO_0006915	apoptotic process	http://purl.obolibrary.org/obo/XAO_0005194	medial nasal prominence
http://purl.obolibrary.org/obo/XPO_0137820	decreased apoptosis in medial pallium	http://purl.obolibrary.org/obo/GO_0006915	apoptotic process	http://purl.obolibrary.org/obo/XAO_0004570	medial pallium
http://purl.obolibrary.org/obo/XPO_0138073	decreased apoptosis in medial region	http://purl.obolibrary.org/obo/GO_0006915	apoptotic process	http://purl.obolibrary.org/obo/XAO_0005220	medial region
http://purl.obolibrary.org/obo/XPO_0137821	decreased apoptosis in medial septum	http://purl.obolibrary.org/obo/GO_0006915	apoptotic process	http://purl.obolibrary.org/obo/XAO_0004571	medial septum
http://purl.obolibrary.org/obo/XPO_0137545	decreased apoptosis in median fin	http://purl.obolibrary.org/obo/GO_0006915	apoptotic process	http://purl.obolibrary.org/obo/XAO_0004281	median fin
http://purl.obolibrary.org/obo/XPO_0137546	decreased apoptosis in median fin skeleton	http://purl.obolibrary.org/obo/GO_0006915	apoptotic process	http://purl.obolibrary.org/obo/XAO_0004282	median fin skeleton
http://purl.obolibrary.org/obo/XPO_0137105	decreased apoptosis in medulla oblongata	http://purl.obolibrary.org/obo/GO_0006915	apoptotic process	http://purl.obolibrary.org/obo/XAO_0003100	medulla oblongata
http://purl.obolibrary.org/obo/XPO_0137766	decreased apoptosis in melanoblast	http://purl.obolibrary.org/obo/GO_0006915	apoptotic process	http://purl.obolibrary.org/obo/XAO_0004510	melanoblast
http://purl.obolibrary.org/obo/XPO_0137013	decreased apoptosis in melanophore	http://purl.obolibrary.org/obo/GO_0006915	apoptotic process	http://purl.obolibrary.org/obo/XAO_0001014	melanophore
http://purl.obolibrary.org/obo/XPO_0137983	decreased apoptosis in melanotrope	http://purl.obolibrary.org/obo/GO_0006915	apoptotic process	http://purl.obolibrary.org/obo/XAO_0005116	melanotrope
http://purl.obolibrary.org/obo/XPO_0137280	decreased apoptosis in membrane bone	http://purl.obolibrary.org/obo/GO_0006915	apoptotic process	http://purl.obolibrary.org/obo/XAO_0004014	membrane bone
http://purl.obolibrary.org/obo/XPO_0137438	decreased apoptosis in mesencephalic artery	http://purl.obolibrary.org/obo/GO_0006915	apoptotic process	http://purl.obolibrary.org/obo/XAO_0004173	mesencephalic artery
http://purl.obolibrary.org/obo/XPO_0137439	decreased apoptosis in mesencephalic vein	http://purl.obolibrary.org/obo/GO_0006915	apoptotic process	http://purl.obolibrary.org/obo/XAO_0004174	mesencephalic vein
http://purl.obolibrary.org/obo/XPO_0137583	decreased apoptosis in mesenchymal stem cell	http://purl.obolibrary.org/obo/GO_0006915	apoptotic process	http://purl.obolibrary.org/obo/XAO_0004320	mesenchymal stem cell
http://purl.obolibrary.org/obo/XPO_0137064	decreased apoptosis in mesenchyme	http://purl.obolibrary.org/obo/GO_0006915	apoptotic process	http://purl.obolibrary.org/obo/XAO_0003046	mesenchyme
http://purl.obolibrary.org/obo/XPO_0136735	decreased apoptosis in mesentery	http://purl.obolibrary.org/obo/GO_0006915	apoptotic process	http://purl.obolibrary.org/obo/XAO_0000138	mesentery
http://purl.obolibrary.org/obo/XPO_0136655	decreased apoptosis in mesoderm	http://purl.obolibrary.org/obo/GO_0006915	apoptotic process	http://purl.obolibrary.org/obo/XAO_0000050	mesoderm
http://purl.obolibrary.org/obo/XPO_0137251	decreased apoptosis in mesodermal cell	http://purl.obolibrary.org/obo/GO_0006915	apoptotic process	http://purl.obolibrary.org/obo/XAO_0003255	mesodermal cell
http://purl.obolibrary.org/obo/XPO_0136744	decreased apoptosis in mesonephric collecting duct	http://purl.obolibrary.org/obo/GO_0006915	apoptotic process	http://purl.obolibrary.org/obo/XAO_0000151	mesonephric collecting duct
http://purl.obolibrary.org/obo/XPO_0136824	decreased apoptosis in mesonephric duct	http://purl.obolibrary.org/obo/GO_0006915	apoptotic process	http://purl.obolibrary.org/obo/XAO_0000242	mesonephric duct
http://purl.obolibrary.org/obo/XPO_0136892	decreased apoptosis in mesonephric early distal tubule	http://purl.obolibrary.org/obo/GO_0006915	apoptotic process	http://purl.obolibrary.org/obo/XAO_0000333	mesonephric early distal tubule
http://purl.obolibrary.org/obo/XPO_0136890	decreased apoptosis in mesonephric early proximal tubule	http://purl.obolibrary.org/obo/GO_0006915	apoptotic process	http://purl.obolibrary.org/obo/XAO_0000331	mesonephric early proximal tubule
http://purl.obolibrary.org/obo/XPO_0136738	decreased apoptosis in mesonephric kidney	http://purl.obolibrary.org/obo/GO_0006915	apoptotic process	http://purl.obolibrary.org/obo/XAO_0000141	mesonephric kidney
http://purl.obolibrary.org/obo/XPO_0136893	decreased apoptosis in mesonephric late distal tubule	http://purl.obolibrary.org/obo/GO_0006915	apoptotic process	http://purl.obolibrary.org/obo/XAO_0000334	mesonephric late distal tubule
http://purl.obolibrary.org/obo/XPO_0136891	decreased apoptosis in mesonephric late proximal tubule	http://purl.obolibrary.org/obo/GO_0006915	apoptotic process	http://purl.obolibrary.org/obo/XAO_0000332	mesonephric late proximal tubule
http://purl.obolibrary.org/obo/XPO_0136867	decreased apoptosis in mesonephric mesenchyme	http://purl.obolibrary.org/obo/GO_0006915	apoptotic process	http://purl.obolibrary.org/obo/XAO_0000291	mesonephric mesenchyme
http://purl.obolibrary.org/obo/XPO_0136868	decreased apoptosis in mesonephric nephron	http://purl.obolibrary.org/obo/GO_0006915	apoptotic process	http://purl.obolibrary.org/obo/XAO_0000292	mesonephric nephron
http://purl.obolibrary.org/obo/XPO_0136743	decreased apoptosis in mesonephric tubule	http://purl.obolibrary.org/obo/GO_0006915	apoptotic process	http://purl.obolibrary.org/obo/XAO_0000148	mesonephric tubule
http://purl.obolibrary.org/obo/XPO_0137205	decreased apoptosis in metacarpus	http://purl.obolibrary.org/obo/GO_0006915	apoptotic process	http://purl.obolibrary.org/obo/XAO_0003208	metacarpus
http://purl.obolibrary.org/obo/XPO_0137209	decreased apoptosis in metatarsus	http://purl.obolibrary.org/obo/GO_0006915	apoptotic process	http://purl.obolibrary.org/obo/XAO_0003212	metatarsus
http://purl.obolibrary.org/obo/XPO_0137432	decreased apoptosis in metencephalic artery	http://purl.obolibrary.org/obo/GO_0006915	apoptotic process	http://purl.obolibrary.org/obo/XAO_0004167	metencephalic artery
http://purl.obolibrary.org/obo/XPO_0137433	decreased apoptosis in metencephalic vein	http://purl.obolibrary.org/obo/GO_0006915	apoptotic process	http://purl.obolibrary.org/obo/XAO_0004168	metencephalic vein
http://purl.obolibrary.org/obo/XPO_0138001	decreased apoptosis in microglial cell	http://purl.obolibrary.org/obo/GO_0006915	apoptotic process	http://purl.obolibrary.org/obo/XAO_0005134	microglial cell
http://purl.obolibrary.org/obo/XPO_0136621	decreased apoptosis in midbrain	http://purl.obolibrary.org/obo/GO_0006915	apoptotic process	http://purl.obolibrary.org/obo/XAO_0000014	midbrain
http://purl.obolibrary.org/obo/XPO_0137536	decreased apoptosis in midbrain tegmentum	http://purl.obolibrary.org/obo/GO_0006915	apoptotic process	http://purl.obolibrary.org/obo/XAO_0004271	midbrain tegmentum
http://purl.obolibrary.org/obo/XPO_0136623	decreased apoptosis in midbrain-hindbrain boundary	http://purl.obolibrary.org/obo/GO_0006915	apoptotic process	http://purl.obolibrary.org/obo/XAO_0000016	midbrain-hindbrain boundary
http://purl.obolibrary.org/obo/XPO_0137426	decreased apoptosis in middle cerebral vein	http://purl.obolibrary.org/obo/GO_0006915	apoptotic process	http://purl.obolibrary.org/obo/XAO_0004161	middle cerebral vein
http://purl.obolibrary.org/obo/XPO_0136781	decreased apoptosis in middle ear	http://purl.obolibrary.org/obo/GO_0006915	apoptotic process	http://purl.obolibrary.org/obo/XAO_0000191	middle ear
http://purl.obolibrary.org/obo/XPO_0136997	decreased apoptosis in middle lateral line	http://purl.obolibrary.org/obo/GO_0006915	apoptotic process	http://purl.obolibrary.org/obo/XAO_0000463	middle lateral line
http://purl.obolibrary.org/obo/XPO_0137487	decreased apoptosis in middle lateral line placode	http://purl.obolibrary.org/obo/GO_0006915	apoptotic process	http://purl.obolibrary.org/obo/XAO_0004222	middle lateral line placode
http://purl.obolibrary.org/obo/XPO_0136703	decreased apoptosis in midgut	http://purl.obolibrary.org/obo/GO_0006915	apoptotic process	http://purl.obolibrary.org/obo/XAO_0000103	midgut
http://purl.obolibrary.org/obo/XPO_0137768	decreased apoptosis in midgut primordium	http://purl.obolibrary.org/obo/GO_0006915	apoptotic process	http://purl.obolibrary.org/obo/XAO_0004512	midgut primordium
http://purl.obolibrary.org/obo/XPO_0137905	decreased apoptosis in migrating macrophage	http://purl.obolibrary.org/obo/GO_0006915	apoptotic process	http://purl.obolibrary.org/obo/XAO_0005037	migrating macrophage
http://purl.obolibrary.org/obo/XPO_0138079	decreased apoptosis in migrating myoblast	http://purl.obolibrary.org/obo/GO_0006915	apoptotic process	http://purl.obolibrary.org/obo/XAO_0005226	migrating myoblast
http://purl.obolibrary.org/obo/XPO_0137537	decreased apoptosis in migrating neuroblast	http://purl.obolibrary.org/obo/GO_0006915	apoptotic process	http://purl.obolibrary.org/obo/XAO_0004272	migrating neuroblast
http://purl.obolibrary.org/obo/XPO_0137335	decreased apoptosis in migratory neural crest cell	http://purl.obolibrary.org/obo/GO_0006915	apoptotic process	http://purl.obolibrary.org/obo/XAO_0004069	migratory neural crest cell
http://purl.obolibrary.org/obo/XPO_0138098	decreased apoptosis in migratory trunk neural crest cell	http://purl.obolibrary.org/obo/GO_0006915	apoptotic process	http://purl.obolibrary.org/obo/XAO_0005246	migratory trunk neural crest cell
http://purl.obolibrary.org/obo/XPO_0137302	decreased apoptosis in mineralized avascular GAG-rich matrix	http://purl.obolibrary.org/obo/GO_0006915	apoptotic process	http://purl.obolibrary.org/obo/XAO_0004036	mineralized avascular GAG-rich matrix
http://purl.obolibrary.org/obo/XPO_0137306	decreased apoptosis in mineralized bone tissue	http://purl.obolibrary.org/obo/GO_0006915	apoptotic process	http://purl.obolibrary.org/obo/XAO_0004040	mineralized bone tissue
http://purl.obolibrary.org/obo/XPO_0137321	decreased apoptosis in mineralized cartilage tissue	http://purl.obolibrary.org/obo/GO_0006915	apoptotic process	http://purl.obolibrary.org/obo/XAO_0004055	mineralized cartilage tissue
http://purl.obolibrary.org/obo/XPO_0137300	decreased apoptosis in mineralized extracellular matrix	http://purl.obolibrary.org/obo/GO_0006915	apoptotic process	http://purl.obolibrary.org/obo/XAO_0004034	mineralized extracellular matrix
http://purl.obolibrary.org/obo/XPO_0137307	decreased apoptosis in mineralized hyaline cartilage tissue	http://purl.obolibrary.org/obo/GO_0006915	apoptotic process	http://purl.obolibrary.org/obo/XAO_0004041	mineralized hyaline cartilage tissue
http://purl.obolibrary.org/obo/XPO_0137305	decreased apoptosis in mineralized tissue	http://purl.obolibrary.org/obo/GO_0006915	apoptotic process	http://purl.obolibrary.org/obo/XAO_0004039	mineralized tissue
http://purl.obolibrary.org/obo/XPO_0137758	decreased apoptosis in mitotic cell	http://purl.obolibrary.org/obo/GO_0006915	apoptotic process	http://purl.obolibrary.org/obo/XAO_0004502	mitotic cell
http://purl.obolibrary.org/obo/XPO_0137822	decreased apoptosis in mitral cell	http://purl.obolibrary.org/obo/GO_0006915	apoptotic process	http://purl.obolibrary.org/obo/XAO_0004573	mitral cell
http://purl.obolibrary.org/obo/XPO_0137823	decreased apoptosis in mitral cell layer of the olfactory bulb	http://purl.obolibrary.org/obo/GO_0006915	apoptotic process	http://purl.obolibrary.org/obo/XAO_0004574	mitral cell layer of the olfactory bulb
http://purl.obolibrary.org/obo/XPO_0137607	decreased apoptosis in mm. constrictores branchiales II	http://purl.obolibrary.org/obo/GO_0006915	apoptotic process	http://purl.obolibrary.org/obo/XAO_0004344	mm. constrictores branchiales II
http://purl.obolibrary.org/obo/XPO_0137697	decreased apoptosis in mm. constrictores branchiales II primordium	http://purl.obolibrary.org/obo/GO_0006915	apoptotic process	http://purl.obolibrary.org/obo/XAO_0004441	mm. constrictores branchiales II primordium
http://purl.obolibrary.org/obo/XPO_0137608	decreased apoptosis in mm. constrictores branchiales III	http://purl.obolibrary.org/obo/GO_0006915	apoptotic process	http://purl.obolibrary.org/obo/XAO_0004345	mm. constrictores branchiales III
http://purl.obolibrary.org/obo/XPO_0137698	decreased apoptosis in mm. constrictores branchiales III primordium	http://purl.obolibrary.org/obo/GO_0006915	apoptotic process	http://purl.obolibrary.org/obo/XAO_0004442	mm. constrictores branchiales III primordium
http://purl.obolibrary.org/obo/XPO_0137609	decreased apoptosis in mm. constrictores branchiales IV	http://purl.obolibrary.org/obo/GO_0006915	apoptotic process	http://purl.obolibrary.org/obo/XAO_0004346	mm. constrictores branchiales IV
http://purl.obolibrary.org/obo/XPO_0137699	decreased apoptosis in mm. constrictores branchiales IV primordium	http://purl.obolibrary.org/obo/GO_0006915	apoptotic process	http://purl.obolibrary.org/obo/XAO_0004443	mm. constrictores branchiales IV primordium
http://purl.obolibrary.org/obo/XPO_0137603	decreased apoptosis in mm. levator arcuum branchialium I	http://purl.obolibrary.org/obo/GO_0006915	apoptotic process	http://purl.obolibrary.org/obo/XAO_0004340	mm. levator arcuum branchialium I
http://purl.obolibrary.org/obo/XPO_0137693	decreased apoptosis in mm. levator arcuum branchialium I primordium	http://purl.obolibrary.org/obo/GO_0006915	apoptotic process	http://purl.obolibrary.org/obo/XAO_0004437	mm. levator arcuum branchialium I primordium
http://purl.obolibrary.org/obo/XPO_0137604	decreased apoptosis in mm. levator arcuum branchialium II	http://purl.obolibrary.org/obo/GO_0006915	apoptotic process	http://purl.obolibrary.org/obo/XAO_0004341	mm. levator arcuum branchialium II
http://purl.obolibrary.org/obo/XPO_0137694	decreased apoptosis in mm. levator arcuum branchialium II primordium	http://purl.obolibrary.org/obo/GO_0006915	apoptotic process	http://purl.obolibrary.org/obo/XAO_0004438	mm. levator arcuum branchialium II primordium
http://purl.obolibrary.org/obo/XPO_0137605	decreased apoptosis in mm. levator arcuum branchialium III	http://purl.obolibrary.org/obo/GO_0006915	apoptotic process	http://purl.obolibrary.org/obo/XAO_0004342	mm. levator arcuum branchialium III
http://purl.obolibrary.org/obo/XPO_0137695	decreased apoptosis in mm. levator arcuum branchialium III primordium	http://purl.obolibrary.org/obo/GO_0006915	apoptotic process	http://purl.obolibrary.org/obo/XAO_0004439	mm. levator arcuum branchialium III primordium
http://purl.obolibrary.org/obo/XPO_0137606	decreased apoptosis in mm. levator arcuum branchialium IV	http://purl.obolibrary.org/obo/GO_0006915	apoptotic process	http://purl.obolibrary.org/obo/XAO_0004343	mm. levator arcuum branchialium IV
http://purl.obolibrary.org/obo/XPO_0137696	decreased apoptosis in mm. levator arcuum branchialium IV primordium	http://purl.obolibrary.org/obo/GO_0006915	apoptotic process	http://purl.obolibrary.org/obo/XAO_0004440	mm. levator arcuum branchialium IV primordium
http://purl.obolibrary.org/obo/XPO_0138004	decreased apoptosis in monociliated cell	http://purl.obolibrary.org/obo/GO_0006915	apoptotic process	http://purl.obolibrary.org/obo/XAO_0005137	monociliated cell
http://purl.obolibrary.org/obo/XPO_0138044	decreased apoptosis in monociliated epidermal cell	http://purl.obolibrary.org/obo/GO_0006915	apoptotic process	http://purl.obolibrary.org/obo/XAO_0005178	monociliated epidermal cell
http://purl.obolibrary.org/obo/XPO_0137239	decreased apoptosis in morula cell	http://purl.obolibrary.org/obo/GO_0006915	apoptotic process	http://purl.obolibrary.org/obo/XAO_0003242	morula cell
http://purl.obolibrary.org/obo/XPO_0137482	decreased apoptosis in motor neuron	http://purl.obolibrary.org/obo/GO_0006915	apoptotic process	http://purl.obolibrary.org/obo/XAO_0004217	motor neuron
http://purl.obolibrary.org/obo/XPO_0136849	decreased apoptosis in mouth primordium	http://purl.obolibrary.org/obo/GO_0006915	apoptotic process	http://purl.obolibrary.org/obo/XAO_0000269	mouth primordium
http://purl.obolibrary.org/obo/XPO_0137649	decreased apoptosis in mucociliary epithelium	http://purl.obolibrary.org/obo/GO_0006915	apoptotic process	http://purl.obolibrary.org/obo/XAO_0004393	mucociliary epithelium
http://purl.obolibrary.org/obo/XPO_0137941	decreased apoptosis in mucous gland	http://purl.obolibrary.org/obo/GO_0006915	apoptotic process	http://purl.obolibrary.org/obo/XAO_0005073	mucous gland
http://purl.obolibrary.org/obo/XPO_0137252	decreased apoptosis in mucus secreting cell	http://purl.obolibrary.org/obo/GO_0006915	apoptotic process	http://purl.obolibrary.org/obo/XAO_0003256	mucus secreting cell
http://purl.obolibrary.org/obo/XPO_0137055	decreased apoptosis in multi-tissue structure	http://purl.obolibrary.org/obo/GO_0006915	apoptotic process	http://purl.obolibrary.org/obo/XAO_0003037	multi-tissue structure
http://purl.obolibrary.org/obo/XPO_0137872	decreased apoptosis in multicellular anatomical structure	http://purl.obolibrary.org/obo/GO_0006915	apoptotic process	http://purl.obolibrary.org/obo/XAO_0005002	multicellular anatomical structure
http://purl.obolibrary.org/obo/XPO_0138006	decreased apoptosis in multiciliated cell	http://purl.obolibrary.org/obo/GO_0006915	apoptotic process	http://purl.obolibrary.org/obo/XAO_0005139	multiciliated cell
http://purl.obolibrary.org/obo/XPO_0138046	decreased apoptosis in multiciliated cell precursor	http://purl.obolibrary.org/obo/GO_0006915	apoptotic process	http://purl.obolibrary.org/obo/XAO_0005180	multiciliated cell precursor
http://purl.obolibrary.org/obo/XPO_0138045	decreased apoptosis in multiciliated epidermal cell	http://purl.obolibrary.org/obo/GO_0006915	apoptotic process	http://purl.obolibrary.org/obo/XAO_0005179	multiciliated epidermal cell
http://purl.obolibrary.org/obo/XPO_0137272	decreased apoptosis in multilaminar epithelium	http://purl.obolibrary.org/obo/GO_0006915	apoptotic process	http://purl.obolibrary.org/obo/XAO_0004006	multilaminar epithelium
http://purl.obolibrary.org/obo/XPO_0136763	decreased apoptosis in muscle	http://purl.obolibrary.org/obo/GO_0006915	apoptotic process	http://purl.obolibrary.org/obo/XAO_0000172	muscle
http://purl.obolibrary.org/obo/XPO_0137308	decreased apoptosis in muscular system	http://purl.obolibrary.org/obo/GO_0006915	apoptotic process	http://purl.obolibrary.org/obo/XAO_0004042	muscular system
http://purl.obolibrary.org/obo/XPO_0137012	decreased apoptosis in musculature of face	http://purl.obolibrary.org/obo/GO_0006915	apoptotic process	http://purl.obolibrary.org/obo/XAO_0001013	musculature of face
http://purl.obolibrary.org/obo/XPO_0136928	decreased apoptosis in musculoabdominal vein	http://purl.obolibrary.org/obo/GO_0006915	apoptotic process	http://purl.obolibrary.org/obo/XAO_0000378	musculoabdominal vein
http://purl.obolibrary.org/obo/XPO_0136759	decreased apoptosis in musculoskeletal system	http://purl.obolibrary.org/obo/GO_0006915	apoptotic process	http://purl.obolibrary.org/obo/XAO_0000168	musculoskeletal system
http://purl.obolibrary.org/obo/XPO_0137253	decreased apoptosis in myelin accumulating cell	http://purl.obolibrary.org/obo/GO_0006915	apoptotic process	http://purl.obolibrary.org/obo/XAO_0003257	myelin accumulating cell
http://purl.obolibrary.org/obo/XPO_0137413	decreased apoptosis in myeloid cell	http://purl.obolibrary.org/obo/GO_0006915	apoptotic process	http://purl.obolibrary.org/obo/XAO_0004148	myeloid cell
http://purl.obolibrary.org/obo/XPO_0137036	decreased apoptosis in myoblast	http://purl.obolibrary.org/obo/GO_0006915	apoptotic process	http://purl.obolibrary.org/obo/XAO_0003015	myoblast
http://purl.obolibrary.org/obo/XPO_0136667	decreased apoptosis in myocardium	http://purl.obolibrary.org/obo/GO_0006915	apoptotic process	http://purl.obolibrary.org/obo/XAO_0000065	myocardium
http://purl.obolibrary.org/obo/XPO_0137731	decreased apoptosis in myocyte	http://purl.obolibrary.org/obo/GO_0006915	apoptotic process	http://purl.obolibrary.org/obo/XAO_0004475	myocyte
http://purl.obolibrary.org/obo/XPO_0136878	decreased apoptosis in myotome	http://purl.obolibrary.org/obo/GO_0006915	apoptotic process	http://purl.obolibrary.org/obo/XAO_0000315	myotome
http://purl.obolibrary.org/obo/XPO_0137109	decreased apoptosis in myotome of head somite 1	http://purl.obolibrary.org/obo/GO_0006915	apoptotic process	http://purl.obolibrary.org/obo/XAO_0003104	myotome of head somite 1
http://purl.obolibrary.org/obo/XPO_0137110	decreased apoptosis in myotome of head somite 2	http://purl.obolibrary.org/obo/GO_0006915	apoptotic process	http://purl.obolibrary.org/obo/XAO_0003105	myotome of head somite 2
http://purl.obolibrary.org/obo/XPO_0137111	decreased apoptosis in myotome of head somite 3	http://purl.obolibrary.org/obo/GO_0006915	apoptotic process	http://purl.obolibrary.org/obo/XAO_0003106	myotome of head somite 3
http://purl.obolibrary.org/obo/XPO_0137112	decreased apoptosis in myotome of head somite 4	http://purl.obolibrary.org/obo/GO_0006915	apoptotic process	http://purl.obolibrary.org/obo/XAO_0003107	myotome of head somite 4
http://purl.obolibrary.org/obo/XPO_0137141	decreased apoptosis in myotome of tail somite 14	http://purl.obolibrary.org/obo/GO_0006915	apoptotic process	http://purl.obolibrary.org/obo/XAO_0003136	myotome of tail somite 14
http://purl.obolibrary.org/obo/XPO_0137143	decreased apoptosis in myotome of tail somite 15	http://purl.obolibrary.org/obo/GO_0006915	apoptotic process	http://purl.obolibrary.org/obo/XAO_0003138	myotome of tail somite 15
http://purl.obolibrary.org/obo/XPO_0137145	decreased apoptosis in myotome of tail somite 16	http://purl.obolibrary.org/obo/GO_0006915	apoptotic process	http://purl.obolibrary.org/obo/XAO_0003140	myotome of tail somite 16
http://purl.obolibrary.org/obo/XPO_0137147	decreased apoptosis in myotome of tail somite 17	http://purl.obolibrary.org/obo/GO_0006915	apoptotic process	http://purl.obolibrary.org/obo/XAO_0003142	myotome of tail somite 17
http://purl.obolibrary.org/obo/XPO_0137863	decreased apoptosis in myotome of tail somite 18	http://purl.obolibrary.org/obo/GO_0006915	apoptotic process	http://purl.obolibrary.org/obo/XAO_0004622	myotome of tail somite 18
http://purl.obolibrary.org/obo/XPO_0137113	decreased apoptosis in myotome of trunk somite 1	http://purl.obolibrary.org/obo/GO_0006915	apoptotic process	http://purl.obolibrary.org/obo/XAO_0003108	myotome of trunk somite 1
http://purl.obolibrary.org/obo/XPO_0137133	decreased apoptosis in myotome of trunk somite 10	http://purl.obolibrary.org/obo/GO_0006915	apoptotic process	http://purl.obolibrary.org/obo/XAO_0003128	myotome of trunk somite 10
http://purl.obolibrary.org/obo/XPO_0137135	decreased apoptosis in myotome of trunk somite 11	http://purl.obolibrary.org/obo/GO_0006915	apoptotic process	http://purl.obolibrary.org/obo/XAO_0003130	myotome of trunk somite 11
http://purl.obolibrary.org/obo/XPO_0137137	decreased apoptosis in myotome of trunk somite 12	http://purl.obolibrary.org/obo/GO_0006915	apoptotic process	http://purl.obolibrary.org/obo/XAO_0003132	myotome of trunk somite 12
http://purl.obolibrary.org/obo/XPO_0137139	decreased apoptosis in myotome of trunk somite 13	http://purl.obolibrary.org/obo/GO_0006915	apoptotic process	http://purl.obolibrary.org/obo/XAO_0003134	myotome of trunk somite 13
http://purl.obolibrary.org/obo/XPO_0137114	decreased apoptosis in myotome of trunk somite 2	http://purl.obolibrary.org/obo/GO_0006915	apoptotic process	http://purl.obolibrary.org/obo/XAO_0003109	myotome of trunk somite 2
http://purl.obolibrary.org/obo/XPO_0137115	decreased apoptosis in myotome of trunk somite 3	http://purl.obolibrary.org/obo/GO_0006915	apoptotic process	http://purl.obolibrary.org/obo/XAO_0003110	myotome of trunk somite 3
http://purl.obolibrary.org/obo/XPO_0137116	decreased apoptosis in myotome of trunk somite 4	http://purl.obolibrary.org/obo/GO_0006915	apoptotic process	http://purl.obolibrary.org/obo/XAO_0003111	myotome of trunk somite 4
http://purl.obolibrary.org/obo/XPO_0137122	decreased apoptosis in myotome of trunk somite 5	http://purl.obolibrary.org/obo/GO_0006915	apoptotic process	http://purl.obolibrary.org/obo/XAO_0003117	myotome of trunk somite 5
http://purl.obolibrary.org/obo/XPO_0137123	decreased apoptosis in myotome of trunk somite 6	http://purl.obolibrary.org/obo/GO_0006915	apoptotic process	http://purl.obolibrary.org/obo/XAO_0003118	myotome of trunk somite 6
http://purl.obolibrary.org/obo/XPO_0137124	decreased apoptosis in myotome of trunk somite 7	http://purl.obolibrary.org/obo/GO_0006915	apoptotic process	http://purl.obolibrary.org/obo/XAO_0003119	myotome of trunk somite 7
http://purl.obolibrary.org/obo/XPO_0137125	decreased apoptosis in myotome of trunk somite 8	http://purl.obolibrary.org/obo/GO_0006915	apoptotic process	http://purl.obolibrary.org/obo/XAO_0003120	myotome of trunk somite 8
http://purl.obolibrary.org/obo/XPO_0137130	decreased apoptosis in myotome of trunk somite 9	http://purl.obolibrary.org/obo/GO_0006915	apoptotic process	http://purl.obolibrary.org/obo/XAO_0003125	myotome of trunk somite 9
http://purl.obolibrary.org/obo/XPO_0137440	decreased apoptosis in nasociliary artery	http://purl.obolibrary.org/obo/GO_0006915	apoptotic process	http://purl.obolibrary.org/obo/XAO_0004175	nasociliary artery
http://purl.obolibrary.org/obo/XPO_0138130	decreased apoptosis in nasociliary nerve	http://purl.obolibrary.org/obo/GO_0006915	apoptotic process	http://purl.obolibrary.org/obo/XAO_0005292	nasociliary nerve
http://purl.obolibrary.org/obo/XPO_0137160	decreased apoptosis in natural killer cell	http://purl.obolibrary.org/obo/GO_0006915	apoptotic process	http://purl.obolibrary.org/obo/XAO_0003156	natural killer cell
http://purl.obolibrary.org/obo/XPO_0137065	decreased apoptosis in nerve	http://purl.obolibrary.org/obo/GO_0006915	apoptotic process	http://purl.obolibrary.org/obo/XAO_0003047	nerve
http://purl.obolibrary.org/obo/XPO_0136768	decreased apoptosis in nervous system	http://purl.obolibrary.org/obo/GO_0006915	apoptotic process	http://purl.obolibrary.org/obo/XAO_0000177	nervous system
http://purl.obolibrary.org/obo/XPO_0136653	decreased apoptosis in neural crest	http://purl.obolibrary.org/obo/GO_0006915	apoptotic process	http://purl.obolibrary.org/obo/XAO_0000048	neural crest
http://purl.obolibrary.org/obo/XPO_0137352	decreased apoptosis in neural fold	http://purl.obolibrary.org/obo/GO_0006915	apoptotic process	http://purl.obolibrary.org/obo/XAO_0004087	neural fold
http://purl.obolibrary.org/obo/XPO_0136829	decreased apoptosis in neural groove	http://purl.obolibrary.org/obo/GO_0006915	apoptotic process	http://purl.obolibrary.org/obo/XAO_0000248	neural groove
http://purl.obolibrary.org/obo/XPO_0137852	decreased apoptosis in neural nucleus	http://purl.obolibrary.org/obo/GO_0006915	apoptotic process	http://purl.obolibrary.org/obo/XAO_0004609	neural nucleus
http://purl.obolibrary.org/obo/XPO_0136830	decreased apoptosis in neural plate	http://purl.obolibrary.org/obo/GO_0006915	apoptotic process	http://purl.obolibrary.org/obo/XAO_0000249	neural plate
http://purl.obolibrary.org/obo/XPO_0137369	decreased apoptosis in neural plate border	http://purl.obolibrary.org/obo/GO_0006915	apoptotic process	http://purl.obolibrary.org/obo/XAO_0004104	neural plate border
http://purl.obolibrary.org/obo/XPO_0137902	decreased apoptosis in neural progenitor cell	http://purl.obolibrary.org/obo/GO_0006915	apoptotic process	http://purl.obolibrary.org/obo/XAO_0005034	neural progenitor cell
http://purl.obolibrary.org/obo/XPO_0137900	decreased apoptosis in neural stem cell	http://purl.obolibrary.org/obo/GO_0006915	apoptotic process	http://purl.obolibrary.org/obo/XAO_0005032	neural stem cell
http://purl.obolibrary.org/obo/XPO_0137201	decreased apoptosis in neural tube	http://purl.obolibrary.org/obo/GO_0006915	apoptotic process	http://purl.obolibrary.org/obo/XAO_0003204	neural tube
http://purl.obolibrary.org/obo/XPO_0138097	decreased apoptosis in neurenteric canal	http://purl.obolibrary.org/obo/GO_0006915	apoptotic process	http://purl.obolibrary.org/obo/XAO_0005245	neurenteric canal
http://purl.obolibrary.org/obo/XPO_0137172	decreased apoptosis in neurocranium	http://purl.obolibrary.org/obo/GO_0006915	apoptotic process	http://purl.obolibrary.org/obo/XAO_0003170	neurocranium
http://purl.obolibrary.org/obo/XPO_0136647	decreased apoptosis in neuroectoderm	http://purl.obolibrary.org/obo/GO_0006915	apoptotic process	http://purl.obolibrary.org/obo/XAO_0000042	neuroectoderm
http://purl.obolibrary.org/obo/XPO_0136649	decreased apoptosis in neuroectoderm inner layer	http://purl.obolibrary.org/obo/GO_0006915	apoptotic process	http://purl.obolibrary.org/obo/XAO_0000044	neuroectoderm inner layer
http://purl.obolibrary.org/obo/XPO_0136648	decreased apoptosis in neuroectoderm outer layer	http://purl.obolibrary.org/obo/GO_0006915	apoptotic process	http://purl.obolibrary.org/obo/XAO_0000043	neuroectoderm outer layer
http://purl.obolibrary.org/obo/XPO_0137741	decreased apoptosis in neuroendocrine cell	http://purl.obolibrary.org/obo/GO_0006915	apoptotic process	http://purl.obolibrary.org/obo/XAO_0004485	neuroendocrine cell
http://purl.obolibrary.org/obo/XPO_0137861	decreased apoptosis in neurogenic placode	http://purl.obolibrary.org/obo/GO_0006915	apoptotic process	http://purl.obolibrary.org/obo/XAO_0004620	neurogenic placode
http://purl.obolibrary.org/obo/XPO_0138053	decreased apoptosis in neurohypophysis	http://purl.obolibrary.org/obo/GO_0006915	apoptotic process	http://purl.obolibrary.org/obo/XAO_0005187	neurohypophysis
http://purl.obolibrary.org/obo/XPO_0137254	decreased apoptosis in neuromast mantle cell	http://purl.obolibrary.org/obo/GO_0006915	apoptotic process	http://purl.obolibrary.org/obo/XAO_0003258	neuromast mantle cell
http://purl.obolibrary.org/obo/XPO_0137255	decreased apoptosis in neuromast support cell	http://purl.obolibrary.org/obo/GO_0006915	apoptotic process	http://purl.obolibrary.org/obo/XAO_0003259	neuromast support cell
http://purl.obolibrary.org/obo/XPO_0137845	decreased apoptosis in neuromere	http://purl.obolibrary.org/obo/GO_0006915	apoptotic process	http://purl.obolibrary.org/obo/XAO_0004597	neuromere
http://purl.obolibrary.org/obo/XPO_0137043	decreased apoptosis in neuron	http://purl.obolibrary.org/obo/GO_0006915	apoptotic process	http://purl.obolibrary.org/obo/XAO_0003023	neuron
http://purl.obolibrary.org/obo/XPO_0137897	decreased apoptosis in neuropil of the optic tectum	http://purl.obolibrary.org/obo/GO_0006915	apoptotic process	http://purl.obolibrary.org/obo/XAO_0005029	neuropil of the optic tectum
http://purl.obolibrary.org/obo/XPO_0138062	decreased apoptosis in neutrophil	http://purl.obolibrary.org/obo/GO_0006915	apoptotic process	http://purl.obolibrary.org/obo/XAO_0005196	neutrophil
http://purl.obolibrary.org/obo/XPO_0137490	decreased apoptosis in non-ciliated epithelial cell	http://purl.obolibrary.org/obo/GO_0006915	apoptotic process	http://purl.obolibrary.org/obo/XAO_0004225	non-ciliated epithelial cell
http://purl.obolibrary.org/obo/XPO_0137854	decreased apoptosis in non-cililated epidermal cell	http://purl.obolibrary.org/obo/GO_0006915	apoptotic process	http://purl.obolibrary.org/obo/XAO_0004613	non-cililated epidermal cell
http://purl.obolibrary.org/obo/XPO_0136833	decreased apoptosis in non-involuting marginal zone	http://purl.obolibrary.org/obo/GO_0006915	apoptotic process	http://purl.obolibrary.org/obo/XAO_0000253	non-involuting marginal zone
http://purl.obolibrary.org/obo/XPO_0137303	decreased apoptosis in non-mineralized avascular GAG-rich matrix	http://purl.obolibrary.org/obo/GO_0006915	apoptotic process	http://purl.obolibrary.org/obo/XAO_0004037	non-mineralized avascular GAG-rich matrix
http://purl.obolibrary.org/obo/XPO_0137309	decreased apoptosis in non-mineralized cartilage tissue	http://purl.obolibrary.org/obo/GO_0006915	apoptotic process	http://purl.obolibrary.org/obo/XAO_0004043	non-mineralized cartilage tissue
http://purl.obolibrary.org/obo/XPO_0137465	decreased apoptosis in non-mineralized chondroid tissue	http://purl.obolibrary.org/obo/GO_0006915	apoptotic process	http://purl.obolibrary.org/obo/XAO_0004200	non-mineralized chondroid tissue
http://purl.obolibrary.org/obo/XPO_0137310	decreased apoptosis in non-mineralized hyaline cartilage tissue	http://purl.obolibrary.org/obo/GO_0006915	apoptotic process	http://purl.obolibrary.org/obo/XAO_0004044	non-mineralized hyaline cartilage tissue
http://purl.obolibrary.org/obo/XPO_0137356	decreased apoptosis in non-neural ectoderm	http://purl.obolibrary.org/obo/GO_0006915	apoptotic process	http://purl.obolibrary.org/obo/XAO_0004091	non-neural ectoderm
http://purl.obolibrary.org/obo/XPO_0138121	decreased apoptosis in non-neurogenic ectodermal placode	http://purl.obolibrary.org/obo/GO_0006915	apoptotic process	http://purl.obolibrary.org/obo/XAO_0005283	non-neurogenic ectodermal placode
http://purl.obolibrary.org/obo/XPO_0136660	decreased apoptosis in notochord	http://purl.obolibrary.org/obo/GO_0006915	apoptotic process	http://purl.obolibrary.org/obo/XAO_0000055	notochord
http://purl.obolibrary.org/obo/XPO_0137020	decreased apoptosis in notochordal epithelium	http://purl.obolibrary.org/obo/GO_0006915	apoptotic process	http://purl.obolibrary.org/obo/XAO_0001021	notochordal epithelium
http://purl.obolibrary.org/obo/XPO_0136959	decreased apoptosis in notochordal sheath	http://purl.obolibrary.org/obo/GO_0006915	apoptotic process	http://purl.obolibrary.org/obo/XAO_0000415	notochordal sheath
http://purl.obolibrary.org/obo/XPO_0136652	decreased apoptosis in notoplate	http://purl.obolibrary.org/obo/GO_0006915	apoptotic process	http://purl.obolibrary.org/obo/XAO_0000047	notoplate
http://purl.obolibrary.org/obo/XPO_0137256	decreased apoptosis in nucleate erythrocyte	http://purl.obolibrary.org/obo/GO_0006915	apoptotic process	http://purl.obolibrary.org/obo/XAO_0003260	nucleate erythrocyte
http://purl.obolibrary.org/obo/XPO_0137824	decreased apoptosis in nucleus accumbens	http://purl.obolibrary.org/obo/GO_0006915	apoptotic process	http://purl.obolibrary.org/obo/XAO_0004575	nucleus accumbens
http://purl.obolibrary.org/obo/XPO_0137825	decreased apoptosis in nucleus of the diagonal band	http://purl.obolibrary.org/obo/GO_0006915	apoptotic process	http://purl.obolibrary.org/obo/XAO_0004576	nucleus of the diagonal band
http://purl.obolibrary.org/obo/XPO_0137916	decreased apoptosis in nucleus of the solitary tract	http://purl.obolibrary.org/obo/GO_0006915	apoptotic process	http://purl.obolibrary.org/obo/XAO_0005048	nucleus of the solitary tract
http://purl.obolibrary.org/obo/XPO_0137922	decreased apoptosis in nucleus reticularis inferior	http://purl.obolibrary.org/obo/GO_0006915	apoptotic process	http://purl.obolibrary.org/obo/XAO_0005054	nucleus reticularis inferior
http://purl.obolibrary.org/obo/XPO_0137920	decreased apoptosis in nucleus reticularis medialis	http://purl.obolibrary.org/obo/GO_0006915	apoptotic process	http://purl.obolibrary.org/obo/XAO_0005052	nucleus reticularis medialis
http://purl.obolibrary.org/obo/XPO_0137921	decreased apoptosis in nucleus reticularis superior	http://purl.obolibrary.org/obo/GO_0006915	apoptotic process	http://purl.obolibrary.org/obo/XAO_0005053	nucleus reticularis superior
http://purl.obolibrary.org/obo/XPO_0136992	decreased apoptosis in occipital lateral line	http://purl.obolibrary.org/obo/GO_0006915	apoptotic process	http://purl.obolibrary.org/obo/XAO_0000458	occipital lateral line
http://purl.obolibrary.org/obo/XPO_0137175	decreased apoptosis in occipital region	http://purl.obolibrary.org/obo/GO_0006915	apoptotic process	http://purl.obolibrary.org/obo/XAO_0003173	occipital region
http://purl.obolibrary.org/obo/XPO_0136914	decreased apoptosis in occipitovertebral artery	http://purl.obolibrary.org/obo/GO_0006915	apoptotic process	http://purl.obolibrary.org/obo/XAO_0000363	occipitovertebral artery
http://purl.obolibrary.org/obo/XPO_0137645	decreased apoptosis in oculomotor motornucleus	http://purl.obolibrary.org/obo/GO_0006915	apoptotic process	http://purl.obolibrary.org/obo/XAO_0004389	oculomotor motornucleus
http://purl.obolibrary.org/obo/XPO_0137096	decreased apoptosis in oculomotor nerve	http://purl.obolibrary.org/obo/GO_0006915	apoptotic process	http://purl.obolibrary.org/obo/XAO_0003090	oculomotor nerve
http://purl.obolibrary.org/obo/XPO_0137466	decreased apoptosis in odontode tissue	http://purl.obolibrary.org/obo/GO_0006915	apoptotic process	http://purl.obolibrary.org/obo/XAO_0004201	odontode tissue
http://purl.obolibrary.org/obo/XPO_0137311	decreased apoptosis in odontogenic papilla	http://purl.obolibrary.org/obo/GO_0006915	apoptotic process	http://purl.obolibrary.org/obo/XAO_0004045	odontogenic papilla
http://purl.obolibrary.org/obo/XPO_0137312	decreased apoptosis in odontoid tissue	http://purl.obolibrary.org/obo/GO_0006915	apoptotic process	http://purl.obolibrary.org/obo/XAO_0004046	odontoid tissue
http://purl.obolibrary.org/obo/XPO_0137445	decreased apoptosis in olfactory bulb	http://purl.obolibrary.org/obo/GO_0006915	apoptotic process	http://purl.obolibrary.org/obo/XAO_0004180	olfactory bulb
http://purl.obolibrary.org/obo/XPO_0137257	decreased apoptosis in olfactory epithelial support cell	http://purl.obolibrary.org/obo/GO_0006915	apoptotic process	http://purl.obolibrary.org/obo/XAO_0003261	olfactory epithelial support cell
http://purl.obolibrary.org/obo/XPO_0137892	decreased apoptosis in olfactory epithelium	http://purl.obolibrary.org/obo/GO_0006915	apoptotic process	http://purl.obolibrary.org/obo/XAO_0005024	olfactory epithelium
http://purl.obolibrary.org/obo/XPO_0136970	decreased apoptosis in olfactory nerve	http://purl.obolibrary.org/obo/GO_0006915	apoptotic process	http://purl.obolibrary.org/obo/XAO_0000426	olfactory nerve
http://purl.obolibrary.org/obo/XPO_0136853	decreased apoptosis in olfactory organ	http://purl.obolibrary.org/obo/GO_0006915	apoptotic process	http://purl.obolibrary.org/obo/XAO_0000273	olfactory organ
http://purl.obolibrary.org/obo/XPO_0136612	decreased apoptosis in olfactory placode	http://purl.obolibrary.org/obo/GO_0006915	apoptotic process	http://purl.obolibrary.org/obo/XAO_0000005	olfactory placode
http://purl.obolibrary.org/obo/XPO_0137174	decreased apoptosis in olfactory region	http://purl.obolibrary.org/obo/GO_0006915	apoptotic process	http://purl.obolibrary.org/obo/XAO_0003172	olfactory region
http://purl.obolibrary.org/obo/XPO_0137780	decreased apoptosis in olfactory sensory neuron	http://purl.obolibrary.org/obo/GO_0006915	apoptotic process	http://purl.obolibrary.org/obo/XAO_0004527	olfactory sensory neuron
http://purl.obolibrary.org/obo/XPO_0137193	decreased apoptosis in olfactory system	http://purl.obolibrary.org/obo/GO_0006915	apoptotic process	http://purl.obolibrary.org/obo/XAO_0003196	olfactory system
http://purl.obolibrary.org/obo/XPO_0138000	decreased apoptosis in oligodendrocyte	http://purl.obolibrary.org/obo/GO_0006915	apoptotic process	http://purl.obolibrary.org/obo/XAO_0005133	oligodendrocyte
http://purl.obolibrary.org/obo/XPO_0136926	decreased apoptosis in omphalomesenteric vein	http://purl.obolibrary.org/obo/GO_0006915	apoptotic process	http://purl.obolibrary.org/obo/XAO_0000376	omphalomesenteric vein
http://purl.obolibrary.org/obo/XPO_0136836	decreased apoptosis in oocyte	http://purl.obolibrary.org/obo/GO_0006915	apoptotic process	http://purl.obolibrary.org/obo/XAO_0000256	oocyte
http://purl.obolibrary.org/obo/XPO_0136919	decreased apoptosis in ophthalmic artery	http://purl.obolibrary.org/obo/GO_0006915	apoptotic process	http://purl.obolibrary.org/obo/XAO_0000368	ophthalmic artery
http://purl.obolibrary.org/obo/XPO_0137434	decreased apoptosis in ophthalmic vein	http://purl.obolibrary.org/obo/GO_0006915	apoptotic process	http://purl.obolibrary.org/obo/XAO_0004169	ophthalmic vein
http://purl.obolibrary.org/obo/XPO_0137337	decreased apoptosis in optic chiasm	http://purl.obolibrary.org/obo/GO_0006915	apoptotic process	http://purl.obolibrary.org/obo/XAO_0004071	optic chiasm
http://purl.obolibrary.org/obo/XPO_0137441	decreased apoptosis in optic choroid vascular plexus	http://purl.obolibrary.org/obo/GO_0006915	apoptotic process	http://purl.obolibrary.org/obo/XAO_0004176	optic choroid vascular plexus
http://purl.obolibrary.org/obo/XPO_0137934	decreased apoptosis in optic disc	http://purl.obolibrary.org/obo/GO_0006915	apoptotic process	http://purl.obolibrary.org/obo/XAO_0005066	optic disc
http://purl.obolibrary.org/obo/XPO_0137217	decreased apoptosis in optic fiber layer	http://purl.obolibrary.org/obo/GO_0006915	apoptotic process	http://purl.obolibrary.org/obo/XAO_0003220	optic fiber layer
http://purl.obolibrary.org/obo/XPO_0137355	decreased apoptosis in optic field	http://purl.obolibrary.org/obo/GO_0006915	apoptotic process	http://purl.obolibrary.org/obo/XAO_0004090	optic field
http://purl.obolibrary.org/obo/XPO_0136778	decreased apoptosis in optic nerve	http://purl.obolibrary.org/obo/GO_0006915	apoptotic process	http://purl.obolibrary.org/obo/XAO_0000188	optic nerve
http://purl.obolibrary.org/obo/XPO_0137006	decreased apoptosis in optic stalk	http://purl.obolibrary.org/obo/GO_0006915	apoptotic process	http://purl.obolibrary.org/obo/XAO_0000475	optic stalk
http://purl.obolibrary.org/obo/XPO_0137223	decreased apoptosis in optic tectum	http://purl.obolibrary.org/obo/GO_0006915	apoptotic process	http://purl.obolibrary.org/obo/XAO_0003226	optic tectum
http://purl.obolibrary.org/obo/XPO_0137366	decreased apoptosis in optic tract	http://purl.obolibrary.org/obo/GO_0006915	apoptotic process	http://purl.obolibrary.org/obo/XAO_0004101	optic tract
http://purl.obolibrary.org/obo/XPO_0136810	decreased apoptosis in optic vesicle	http://purl.obolibrary.org/obo/GO_0006915	apoptotic process	http://purl.obolibrary.org/obo/XAO_0000228	optic vesicle
http://purl.obolibrary.org/obo/XPO_0137198	decreased apoptosis in oral epithelium	http://purl.obolibrary.org/obo/GO_0006915	apoptotic process	http://purl.obolibrary.org/obo/XAO_0003201	oral epithelium
http://purl.obolibrary.org/obo/XPO_0136837	decreased apoptosis in oral evagination	http://purl.obolibrary.org/obo/GO_0006915	apoptotic process	http://purl.obolibrary.org/obo/XAO_0000257	oral evagination
http://purl.obolibrary.org/obo/XPO_0137173	decreased apoptosis in orbital region	http://purl.obolibrary.org/obo/GO_0006915	apoptotic process	http://purl.obolibrary.org/obo/XAO_0003171	orbital region
http://purl.obolibrary.org/obo/XPO_0137724	decreased apoptosis in organ cortex	http://purl.obolibrary.org/obo/GO_0006915	apoptotic process	http://purl.obolibrary.org/obo/XAO_0004468	organ cortex
http://purl.obolibrary.org/obo/XPO_0137742	decreased apoptosis in organ part	http://purl.obolibrary.org/obo/GO_0006915	apoptotic process	http://purl.obolibrary.org/obo/XAO_0004486	organ part
http://purl.obolibrary.org/obo/XPO_0137034	decreased apoptosis in organism subdivision	http://purl.obolibrary.org/obo/GO_0006915	apoptotic process	http://purl.obolibrary.org/obo/XAO_0003013	organism subdivision
http://purl.obolibrary.org/obo/XPO_0137313	decreased apoptosis in oropharyngeal papilla	http://purl.obolibrary.org/obo/GO_0006915	apoptotic process	http://purl.obolibrary.org/obo/XAO_0004047	oropharyngeal papilla
http://purl.obolibrary.org/obo/XPO_0137314	decreased apoptosis in oropharynx	http://purl.obolibrary.org/obo/GO_0006915	apoptotic process	http://purl.obolibrary.org/obo/XAO_0004048	oropharynx
http://purl.obolibrary.org/obo/XPO_0136783	decreased apoptosis in osseous labyrinth	http://purl.obolibrary.org/obo/GO_0006915	apoptotic process	http://purl.obolibrary.org/obo/XAO_0000193	osseous labyrinth
http://purl.obolibrary.org/obo/XPO_0137458	decreased apoptosis in ossicle	http://purl.obolibrary.org/obo/GO_0006915	apoptotic process	http://purl.obolibrary.org/obo/XAO_0004193	ossicle
http://purl.obolibrary.org/obo/XPO_0137763	decreased apoptosis in osteoblast	http://purl.obolibrary.org/obo/GO_0006915	apoptotic process	http://purl.obolibrary.org/obo/XAO_0004507	osteoblast
http://purl.obolibrary.org/obo/XPO_0137301	decreased apoptosis in osteoid	http://purl.obolibrary.org/obo/GO_0006915	apoptotic process	http://purl.obolibrary.org/obo/XAO_0004035	osteoid
http://purl.obolibrary.org/obo/XPO_0138078	decreased apoptosis in otic capsule	http://purl.obolibrary.org/obo/GO_0006915	apoptotic process	http://purl.obolibrary.org/obo/XAO_0005225	otic capsule
http://purl.obolibrary.org/obo/XPO_0136805	decreased apoptosis in otic placode	http://purl.obolibrary.org/obo/GO_0006915	apoptotic process	http://purl.obolibrary.org/obo/XAO_0000223	otic placode
http://purl.obolibrary.org/obo/XPO_0137177	decreased apoptosis in otic region	http://purl.obolibrary.org/obo/GO_0006915	apoptotic process	http://purl.obolibrary.org/obo/XAO_0003175	otic region
http://purl.obolibrary.org/obo/XPO_0136613	decreased apoptosis in otic vesicle	http://purl.obolibrary.org/obo/GO_0006915	apoptotic process	http://purl.obolibrary.org/obo/XAO_0000006	otic vesicle
http://purl.obolibrary.org/obo/XPO_0136610	decreased apoptosis in outer fin	http://purl.obolibrary.org/obo/GO_0006915	apoptotic process	http://purl.obolibrary.org/obo/XAO_0000003	outer fin
http://purl.obolibrary.org/obo/XPO_0137221	decreased apoptosis in outer limiting membrane	http://purl.obolibrary.org/obo/GO_0006915	apoptotic process	http://purl.obolibrary.org/obo/XAO_0003224	outer limiting membrane
http://purl.obolibrary.org/obo/XPO_0137404	decreased apoptosis in outflow tract	http://purl.obolibrary.org/obo/GO_0006915	apoptotic process	http://purl.obolibrary.org/obo/XAO_0004139	outflow tract
http://purl.obolibrary.org/obo/XPO_0136838	decreased apoptosis in ovary	http://purl.obolibrary.org/obo/GO_0006915	apoptotic process	http://purl.obolibrary.org/obo/XAO_0000258	ovary
http://purl.obolibrary.org/obo/XPO_0137070	decreased apoptosis in oviduct	http://purl.obolibrary.org/obo/GO_0006915	apoptotic process	http://purl.obolibrary.org/obo/XAO_0003052	oviduct
http://purl.obolibrary.org/obo/XPO_0137258	decreased apoptosis in oxygen accumulating cell	http://purl.obolibrary.org/obo/GO_0006915	apoptotic process	http://purl.obolibrary.org/obo/XAO_0003262	oxygen accumulating cell
http://purl.obolibrary.org/obo/XPO_0137547	decreased apoptosis in paired appendage	http://purl.obolibrary.org/obo/GO_0006915	apoptotic process	http://purl.obolibrary.org/obo/XAO_0004283	paired appendage
http://purl.obolibrary.org/obo/XPO_0137887	decreased apoptosis in paired dorsal aorta	http://purl.obolibrary.org/obo/GO_0006915	apoptotic process	http://purl.obolibrary.org/obo/XAO_0005019	paired dorsal aorta
http://purl.obolibrary.org/obo/XPO_0137483	decreased apoptosis in palatoquadrate	http://purl.obolibrary.org/obo/GO_0006915	apoptotic process	http://purl.obolibrary.org/obo/XAO_0004218	palatoquadrate
http://purl.obolibrary.org/obo/XPO_0137637	decreased apoptosis in palatoquadrati	http://purl.obolibrary.org/obo/GO_0006915	apoptotic process	http://purl.obolibrary.org/obo/XAO_0004378	palatoquadrati
http://purl.obolibrary.org/obo/XPO_0137826	decreased apoptosis in pallidum	http://purl.obolibrary.org/obo/GO_0006915	apoptotic process	http://purl.obolibrary.org/obo/XAO_0004578	pallidum
http://purl.obolibrary.org/obo/XPO_0137565	decreased apoptosis in pallium	http://purl.obolibrary.org/obo/GO_0006915	apoptotic process	http://purl.obolibrary.org/obo/XAO_0004302	pallium
http://purl.obolibrary.org/obo/XPO_0136733	decreased apoptosis in pancreas	http://purl.obolibrary.org/obo/GO_0006915	apoptotic process	http://purl.obolibrary.org/obo/XAO_0000136	pancreas
http://purl.obolibrary.org/obo/XPO_0137918	decreased apoptosis in parabrachial area	http://purl.obolibrary.org/obo/GO_0006915	apoptotic process	http://purl.obolibrary.org/obo/XAO_0005050	parabrachial area
http://purl.obolibrary.org/obo/XPO_0137631	decreased apoptosis in parachordal	http://purl.obolibrary.org/obo/GO_0006915	apoptotic process	http://purl.obolibrary.org/obo/XAO_0004372	parachordal
http://purl.obolibrary.org/obo/XPO_0137259	decreased apoptosis in paracrine cell	http://purl.obolibrary.org/obo/GO_0006915	apoptotic process	http://purl.obolibrary.org/obo/XAO_0003263	paracrine cell
http://purl.obolibrary.org/obo/XPO_0136758	decreased apoptosis in parathyroid	http://purl.obolibrary.org/obo/GO_0006915	apoptotic process	http://purl.obolibrary.org/obo/XAO_0000167	parathyroid
http://purl.obolibrary.org/obo/XPO_0136839	decreased apoptosis in paraxial mesoderm	http://purl.obolibrary.org/obo/GO_0006915	apoptotic process	http://purl.obolibrary.org/obo/XAO_0000259	paraxial mesoderm
http://purl.obolibrary.org/obo/XPO_0138013	decreased apoptosis in parotic crest	http://purl.obolibrary.org/obo/GO_0006915	apoptotic process	http://purl.obolibrary.org/obo/XAO_0005147	parotic crest
http://purl.obolibrary.org/obo/XPO_0138054	decreased apoptosis in pars distalis	http://purl.obolibrary.org/obo/GO_0006915	apoptotic process	http://purl.obolibrary.org/obo/XAO_0005188	pars distalis
http://purl.obolibrary.org/obo/XPO_0138008	decreased apoptosis in pars externa of the stapes	http://purl.obolibrary.org/obo/GO_0006915	apoptotic process	http://purl.obolibrary.org/obo/XAO_0005141	pars externa of the stapes
http://purl.obolibrary.org/obo/XPO_0138056	decreased apoptosis in pars intermedia	http://purl.obolibrary.org/obo/GO_0006915	apoptotic process	http://purl.obolibrary.org/obo/XAO_0005190	pars intermedia
http://purl.obolibrary.org/obo/XPO_0138010	decreased apoptosis in pars interna of the stapes	http://purl.obolibrary.org/obo/GO_0006915	apoptotic process	http://purl.obolibrary.org/obo/XAO_0005143	pars interna of the stapes
http://purl.obolibrary.org/obo/XPO_0138009	decreased apoptosis in pars media of the stapes	http://purl.obolibrary.org/obo/GO_0006915	apoptotic process	http://purl.obolibrary.org/obo/XAO_0005142	pars media of the stapes
http://purl.obolibrary.org/obo/XPO_0138055	decreased apoptosis in pars nervosa	http://purl.obolibrary.org/obo/GO_0006915	apoptotic process	http://purl.obolibrary.org/obo/XAO_0005189	pars nervosa
http://purl.obolibrary.org/obo/XPO_0137548	decreased apoptosis in pectoral appendage	http://purl.obolibrary.org/obo/GO_0006915	apoptotic process	http://purl.obolibrary.org/obo/XAO_0004284	pectoral appendage
http://purl.obolibrary.org/obo/XPO_0137077	decreased apoptosis in pectoral girdle	http://purl.obolibrary.org/obo/GO_0006915	apoptotic process	http://purl.obolibrary.org/obo/XAO_0003063	pectoral girdle
http://purl.obolibrary.org/obo/XPO_0137549	decreased apoptosis in pelvic appendage	http://purl.obolibrary.org/obo/GO_0006915	apoptotic process	http://purl.obolibrary.org/obo/XAO_0004285	pelvic appendage
http://purl.obolibrary.org/obo/XPO_0137078	decreased apoptosis in pelvic girdle	http://purl.obolibrary.org/obo/GO_0006915	apoptotic process	http://purl.obolibrary.org/obo/XAO_0003064	pelvic girdle
http://purl.obolibrary.org/obo/XPO_0137749	decreased apoptosis in pelvic girdle primordium	http://purl.obolibrary.org/obo/GO_0006915	apoptotic process	http://purl.obolibrary.org/obo/XAO_0004493	pelvic girdle primordium
http://purl.obolibrary.org/obo/XPO_0137448	decreased apoptosis in pericardial muscle	http://purl.obolibrary.org/obo/GO_0006915	apoptotic process	http://purl.obolibrary.org/obo/XAO_0004183	pericardial muscle
http://purl.obolibrary.org/obo/XPO_0137449	decreased apoptosis in pericardial roof	http://purl.obolibrary.org/obo/GO_0006915	apoptotic process	http://purl.obolibrary.org/obo/XAO_0004184	pericardial roof
http://purl.obolibrary.org/obo/XPO_0137447	decreased apoptosis in pericardium	http://purl.obolibrary.org/obo/GO_0006915	apoptotic process	http://purl.obolibrary.org/obo/XAO_0004182	pericardium
http://purl.obolibrary.org/obo/XPO_0137578	decreased apoptosis in perichondrial cell	http://purl.obolibrary.org/obo/GO_0006915	apoptotic process	http://purl.obolibrary.org/obo/XAO_0004315	perichondrial cell
http://purl.obolibrary.org/obo/XPO_0137315	decreased apoptosis in perichondrium	http://purl.obolibrary.org/obo/GO_0006915	apoptotic process	http://purl.obolibrary.org/obo/XAO_0004049	perichondrium
http://purl.obolibrary.org/obo/XPO_0137316	decreased apoptosis in perichordal tissue	http://purl.obolibrary.org/obo/GO_0006915	apoptotic process	http://purl.obolibrary.org/obo/XAO_0004050	perichordal tissue
http://purl.obolibrary.org/obo/XPO_0137260	decreased apoptosis in pericyte	http://purl.obolibrary.org/obo/GO_0006915	apoptotic process	http://purl.obolibrary.org/obo/XAO_0003264	pericyte
http://purl.obolibrary.org/obo/XPO_0138153	decreased apoptosis in periocular mesenchyme	http://purl.obolibrary.org/obo/GO_0006915	apoptotic process	http://purl.obolibrary.org/obo/XAO_0005316	periocular mesenchyme
http://purl.obolibrary.org/obo/XPO_0137354	decreased apoptosis in periocular region	http://purl.obolibrary.org/obo/GO_0006915	apoptotic process	http://purl.obolibrary.org/obo/XAO_0004089	periocular region
http://purl.obolibrary.org/obo/XPO_0137759	decreased apoptosis in periosteum	http://purl.obolibrary.org/obo/GO_0006915	apoptotic process	http://purl.obolibrary.org/obo/XAO_0004503	periosteum
http://purl.obolibrary.org/obo/XPO_0137760	decreased apoptosis in periosteum (sensu fibrous layer)	http://purl.obolibrary.org/obo/GO_0006915	apoptotic process	http://purl.obolibrary.org/obo/XAO_0004504	periosteum (sensu fibrous layer)
http://purl.obolibrary.org/obo/XPO_0137761	decreased apoptosis in periosteum (sensu osteogenic layer)	http://purl.obolibrary.org/obo/GO_0006915	apoptotic process	http://purl.obolibrary.org/obo/XAO_0004505	periosteum (sensu osteogenic layer)
http://purl.obolibrary.org/obo/XPO_0137730	decreased apoptosis in periotic region	http://purl.obolibrary.org/obo/GO_0006915	apoptotic process	http://purl.obolibrary.org/obo/XAO_0004474	periotic region
http://purl.obolibrary.org/obo/XPO_0138065	decreased apoptosis in peripheral ganglion	http://purl.obolibrary.org/obo/GO_0006915	apoptotic process	http://purl.obolibrary.org/obo/XAO_0005199	peripheral ganglion
http://purl.obolibrary.org/obo/XPO_0136791	decreased apoptosis in peripheral nerve	http://purl.obolibrary.org/obo/GO_0006915	apoptotic process	http://purl.obolibrary.org/obo/XAO_0000204	peripheral nerve
http://purl.obolibrary.org/obo/XPO_0136769	decreased apoptosis in peripheral nervous system	http://purl.obolibrary.org/obo/GO_0006915	apoptotic process	http://purl.obolibrary.org/obo/XAO_0000178	peripheral nervous system
http://purl.obolibrary.org/obo/XPO_0137714	decreased apoptosis in peripheral retina	http://purl.obolibrary.org/obo/GO_0006915	apoptotic process	http://purl.obolibrary.org/obo/XAO_0004458	peripheral retina
http://purl.obolibrary.org/obo/XPO_0137641	decreased apoptosis in peripheral vegetal yolk mass	http://purl.obolibrary.org/obo/GO_0006915	apoptotic process	http://purl.obolibrary.org/obo/XAO_0004384	peripheral vegetal yolk mass
http://purl.obolibrary.org/obo/XPO_0136736	decreased apoptosis in peritoneum	http://purl.obolibrary.org/obo/GO_0006915	apoptotic process	http://purl.obolibrary.org/obo/XAO_0000139	peritoneum
http://purl.obolibrary.org/obo/XPO_0136840	decreased apoptosis in perivitelline space	http://purl.obolibrary.org/obo/GO_0006915	apoptotic process	http://purl.obolibrary.org/obo/XAO_0000260	perivitelline space
http://purl.obolibrary.org/obo/XPO_0136696	decreased apoptosis in pharyngeal arch	http://purl.obolibrary.org/obo/GO_0006915	apoptotic process	http://purl.obolibrary.org/obo/XAO_0000096	pharyngeal arch
http://purl.obolibrary.org/obo/XPO_0137719	decreased apoptosis in pharyngeal endoderm	http://purl.obolibrary.org/obo/GO_0006915	apoptotic process	http://purl.obolibrary.org/obo/XAO_0004463	pharyngeal endoderm
http://purl.obolibrary.org/obo/XPO_0137199	decreased apoptosis in pharyngeal epithelium	http://purl.obolibrary.org/obo/GO_0006915	apoptotic process	http://purl.obolibrary.org/obo/XAO_0003202	pharyngeal epithelium
http://purl.obolibrary.org/obo/XPO_0137779	decreased apoptosis in pharyngeal mesenchyme	http://purl.obolibrary.org/obo/GO_0006915	apoptotic process	http://purl.obolibrary.org/obo/XAO_0004524	pharyngeal mesenchyme
http://purl.obolibrary.org/obo/XPO_0137525	decreased apoptosis in pharyngeal pouch	http://purl.obolibrary.org/obo/GO_0006915	apoptotic process	http://purl.obolibrary.org/obo/XAO_0004260	pharyngeal pouch
http://purl.obolibrary.org/obo/XPO_0137526	decreased apoptosis in pharyngeal region	http://purl.obolibrary.org/obo/GO_0006915	apoptotic process	http://purl.obolibrary.org/obo/XAO_0004261	pharyngeal region
http://purl.obolibrary.org/obo/XPO_0137224	decreased apoptosis in pharynx	http://purl.obolibrary.org/obo/GO_0006915	apoptotic process	http://purl.obolibrary.org/obo/XAO_0003227	pharynx
http://purl.obolibrary.org/obo/XPO_0137212	decreased apoptosis in photoreceptor layer	http://purl.obolibrary.org/obo/GO_0006915	apoptotic process	http://purl.obolibrary.org/obo/XAO_0003215	photoreceptor layer
http://purl.obolibrary.org/obo/XPO_0138127	decreased apoptosis in pia mater	http://purl.obolibrary.org/obo/GO_0006915	apoptotic process	http://purl.obolibrary.org/obo/XAO_0005289	pia mater
http://purl.obolibrary.org/obo/XPO_0138126	decreased apoptosis in pial cell	http://purl.obolibrary.org/obo/GO_0006915	apoptotic process	http://purl.obolibrary.org/obo/XAO_0005288	pial cell
http://purl.obolibrary.org/obo/XPO_0137035	decreased apoptosis in pigment cell	http://purl.obolibrary.org/obo/GO_0006915	apoptotic process	http://purl.obolibrary.org/obo/XAO_0003014	pigment cell
http://purl.obolibrary.org/obo/XPO_0136841	decreased apoptosis in pigment layer	http://purl.obolibrary.org/obo/GO_0006915	apoptotic process	http://purl.obolibrary.org/obo/XAO_0000261	pigment layer
http://purl.obolibrary.org/obo/XPO_0136752	decreased apoptosis in pineal gland	http://purl.obolibrary.org/obo/GO_0006915	apoptotic process	http://purl.obolibrary.org/obo/XAO_0000160	pineal gland
http://purl.obolibrary.org/obo/XPO_0137633	decreased apoptosis in planum hypobranchiale	http://purl.obolibrary.org/obo/GO_0006915	apoptotic process	http://purl.obolibrary.org/obo/XAO_0004374	planum hypobranchiale
http://purl.obolibrary.org/obo/XPO_0137634	decreased apoptosis in planum trabeculare anticum	http://purl.obolibrary.org/obo/GO_0006915	apoptotic process	http://purl.obolibrary.org/obo/XAO_0004375	planum trabeculare anticum
http://purl.obolibrary.org/obo/XPO_0137203	decreased apoptosis in podocyte	http://purl.obolibrary.org/obo/GO_0006915	apoptotic process	http://purl.obolibrary.org/obo/XAO_0003206	podocyte
http://purl.obolibrary.org/obo/XPO_0136842	decreased apoptosis in polar body	http://purl.obolibrary.org/obo/GO_0006915	apoptotic process	http://purl.obolibrary.org/obo/XAO_0000262	polar body
http://purl.obolibrary.org/obo/XPO_0137267	decreased apoptosis in portion of organism substance	http://purl.obolibrary.org/obo/GO_0006915	apoptotic process	http://purl.obolibrary.org/obo/XAO_0004001	portion of organism substance
http://purl.obolibrary.org/obo/XPO_0136705	decreased apoptosis in post-anal gut	http://purl.obolibrary.org/obo/GO_0006915	apoptotic process	http://purl.obolibrary.org/obo/XAO_0000106	post-anal gut
http://purl.obolibrary.org/obo/XPO_0137518	decreased apoptosis in postcaval vein	http://purl.obolibrary.org/obo/GO_0006915	apoptotic process	http://purl.obolibrary.org/obo/XAO_0004253	postcaval vein
http://purl.obolibrary.org/obo/XPO_0137081	decreased apoptosis in postcranial axial skeleton	http://purl.obolibrary.org/obo/GO_0006915	apoptotic process	http://purl.obolibrary.org/obo/XAO_0003073	postcranial axial skeleton
http://purl.obolibrary.org/obo/XPO_0137453	decreased apoptosis in posterior branchial crest	http://purl.obolibrary.org/obo/GO_0006915	apoptotic process	http://purl.obolibrary.org/obo/XAO_0004188	posterior branchial crest
http://purl.obolibrary.org/obo/XPO_0136823	decreased apoptosis in posterior cardinal vein	http://purl.obolibrary.org/obo/GO_0006915	apoptotic process	http://purl.obolibrary.org/obo/XAO_0000241	posterior cardinal vein
http://purl.obolibrary.org/obo/XPO_0137424	decreased apoptosis in posterior cerebral vein	http://purl.obolibrary.org/obo/GO_0006915	apoptotic process	http://purl.obolibrary.org/obo/XAO_0004159	posterior cerebral vein
http://purl.obolibrary.org/obo/XPO_0137827	decreased apoptosis in posterior commissure	http://purl.obolibrary.org/obo/GO_0006915	apoptotic process	http://purl.obolibrary.org/obo/XAO_0004579	posterior commissure
http://purl.obolibrary.org/obo/XPO_0137398	decreased apoptosis in posterior crista	http://purl.obolibrary.org/obo/GO_0006915	apoptotic process	http://purl.obolibrary.org/obo/XAO_0004133	posterior crista
http://purl.obolibrary.org/obo/XPO_0138140	decreased apoptosis in posterior endoderm	http://purl.obolibrary.org/obo/GO_0006915	apoptotic process	http://purl.obolibrary.org/obo/XAO_0005302	posterior endoderm
http://purl.obolibrary.org/obo/XPO_0138145	decreased apoptosis in posterior endomesoderm	http://purl.obolibrary.org/obo/GO_0006915	apoptotic process	http://purl.obolibrary.org/obo/XAO_0005307	posterior endomesoderm
http://purl.obolibrary.org/obo/XPO_0137995	decreased apoptosis in posterior foregut	http://purl.obolibrary.org/obo/GO_0006915	apoptotic process	http://purl.obolibrary.org/obo/XAO_0005128	posterior foregut
http://purl.obolibrary.org/obo/XPO_0138102	decreased apoptosis in posterior hindgut endoderm	http://purl.obolibrary.org/obo/GO_0006915	apoptotic process	http://purl.obolibrary.org/obo/XAO_0005250	posterior hindgut endoderm
http://purl.obolibrary.org/obo/XPO_0137501	decreased apoptosis in posterior hypothalamus	http://purl.obolibrary.org/obo/GO_0006915	apoptotic process	http://purl.obolibrary.org/obo/XAO_0004236	posterior hypothalamus
http://purl.obolibrary.org/obo/XPO_0137533	decreased apoptosis in posterior lateral line	http://purl.obolibrary.org/obo/GO_0006915	apoptotic process	http://purl.obolibrary.org/obo/XAO_0004268	posterior lateral line
http://purl.obolibrary.org/obo/XPO_0137678	decreased apoptosis in posterior lateral line ganglion	http://purl.obolibrary.org/obo/GO_0006915	apoptotic process	http://purl.obolibrary.org/obo/XAO_0004422	posterior lateral line ganglion
http://purl.obolibrary.org/obo/XPO_0137488	decreased apoptosis in posterior lateral line placode	http://purl.obolibrary.org/obo/GO_0006915	apoptotic process	http://purl.obolibrary.org/obo/XAO_0004223	posterior lateral line placode
http://purl.obolibrary.org/obo/XPO_0138094	decreased apoptosis in posterior neural fold	http://purl.obolibrary.org/obo/GO_0006915	apoptotic process	http://purl.obolibrary.org/obo/XAO_0005242	posterior neural fold
http://purl.obolibrary.org/obo/XPO_0136831	decreased apoptosis in posterior neural tube	http://purl.obolibrary.org/obo/GO_0006915	apoptotic process	http://purl.obolibrary.org/obo/XAO_0000250	posterior neural tube
http://purl.obolibrary.org/obo/XPO_0136907	decreased apoptosis in posterior palatine artery	http://purl.obolibrary.org/obo/GO_0006915	apoptotic process	http://purl.obolibrary.org/obo/XAO_0000354	posterior palatine artery
http://purl.obolibrary.org/obo/XPO_0137472	decreased apoptosis in posterior placodal area	http://purl.obolibrary.org/obo/GO_0006915	apoptotic process	http://purl.obolibrary.org/obo/XAO_0004207	posterior placodal area
http://purl.obolibrary.org/obo/XPO_0138070	decreased apoptosis in posterior region	http://purl.obolibrary.org/obo/GO_0006915	apoptotic process	http://purl.obolibrary.org/obo/XAO_0005217	posterior region
http://purl.obolibrary.org/obo/XPO_0137910	decreased apoptosis in posterior semicircular canal	http://purl.obolibrary.org/obo/GO_0006915	apoptotic process	http://purl.obolibrary.org/obo/XAO_0005042	posterior semicircular canal
http://purl.obolibrary.org/obo/XPO_0138107	decreased apoptosis in posterior tail	http://purl.obolibrary.org/obo/GO_0006915	apoptotic process	http://purl.obolibrary.org/obo/XAO_0005261	posterior tail
http://purl.obolibrary.org/obo/XPO_0137771	decreased apoptosis in posterior tectum	http://purl.obolibrary.org/obo/GO_0006915	apoptotic process	http://purl.obolibrary.org/obo/XAO_0004515	posterior tectum
http://purl.obolibrary.org/obo/XPO_0136936	decreased apoptosis in posterior vena cava	http://purl.obolibrary.org/obo/GO_0006915	apoptotic process	http://purl.obolibrary.org/obo/XAO_0000388	posterior vena cava
http://purl.obolibrary.org/obo/XPO_0137869	decreased apoptosis in posterior ventral blood island	http://purl.obolibrary.org/obo/GO_0006915	apoptotic process	http://purl.obolibrary.org/obo/XAO_0004628	posterior ventral blood island
http://purl.obolibrary.org/obo/XPO_0136708	decreased apoptosis in posterior wall of neurenteric canal	http://purl.obolibrary.org/obo/GO_0006915	apoptotic process	http://purl.obolibrary.org/obo/XAO_0000109	posterior wall of neurenteric canal
http://purl.obolibrary.org/obo/XPO_0137665	decreased apoptosis in posterior-proximal mesenchyme	http://purl.obolibrary.org/obo/GO_0006915	apoptotic process	http://purl.obolibrary.org/obo/XAO_0004409	posterior-proximal mesenchyme
http://purl.obolibrary.org/obo/XPO_0138076	decreased apoptosis in postero-dorsal region	http://purl.obolibrary.org/obo/GO_0006915	apoptotic process	http://purl.obolibrary.org/obo/XAO_0005223	postero-dorsal region
http://purl.obolibrary.org/obo/XPO_0138077	decreased apoptosis in postero-ventral region	http://purl.obolibrary.org/obo/GO_0006915	apoptotic process	http://purl.obolibrary.org/obo/XAO_0005224	postero-ventral region
http://purl.obolibrary.org/obo/XPO_0137829	decreased apoptosis in posterodorsal tegmental nucleus	http://purl.obolibrary.org/obo/GO_0006915	apoptotic process	http://purl.obolibrary.org/obo/XAO_0004581	posterodorsal tegmental nucleus
http://purl.obolibrary.org/obo/XPO_0137830	decreased apoptosis in posteroventral tegmental nucleus	http://purl.obolibrary.org/obo/GO_0006915	apoptotic process	http://purl.obolibrary.org/obo/XAO_0004582	posteroventral tegmental nucleus
http://purl.obolibrary.org/obo/XPO_0137572	decreased apoptosis in postmigratory neural crest cell	http://purl.obolibrary.org/obo/GO_0006915	apoptotic process	http://purl.obolibrary.org/obo/XAO_0004309	postmigratory neural crest cell
http://purl.obolibrary.org/obo/XPO_0137755	decreased apoptosis in postsacral vertebra	http://purl.obolibrary.org/obo/GO_0006915	apoptotic process	http://purl.obolibrary.org/obo/XAO_0004499	postsacral vertebra
http://purl.obolibrary.org/obo/XPO_0136650	decreased apoptosis in pre-chordal neural plate	http://purl.obolibrary.org/obo/GO_0006915	apoptotic process	http://purl.obolibrary.org/obo/XAO_0000045	pre-chordal neural plate
http://purl.obolibrary.org/obo/XPO_0137367	decreased apoptosis in pre-chordal neural plate border	http://purl.obolibrary.org/obo/GO_0006915	apoptotic process	http://purl.obolibrary.org/obo/XAO_0004102	pre-chordal neural plate border
http://purl.obolibrary.org/obo/XPO_0137318	decreased apoptosis in pre-dentine	http://purl.obolibrary.org/obo/GO_0006915	apoptotic process	http://purl.obolibrary.org/obo/XAO_0004052	pre-dentine
http://purl.obolibrary.org/obo/XPO_0137467	decreased apoptosis in pre-enamel	http://purl.obolibrary.org/obo/GO_0006915	apoptotic process	http://purl.obolibrary.org/obo/XAO_0004202	pre-enamel
http://purl.obolibrary.org/obo/XPO_0137468	decreased apoptosis in pre-enameloid	http://purl.obolibrary.org/obo/GO_0006915	apoptotic process	http://purl.obolibrary.org/obo/XAO_0004203	pre-enameloid
http://purl.obolibrary.org/obo/XPO_0136680	decreased apoptosis in prechordal plate	http://purl.obolibrary.org/obo/GO_0006915	apoptotic process	http://purl.obolibrary.org/obo/XAO_0000079	prechordal plate
http://purl.obolibrary.org/obo/XPO_0138027	decreased apoptosis in prehallux	http://purl.obolibrary.org/obo/GO_0006915	apoptotic process	http://purl.obolibrary.org/obo/XAO_0005161	prehallux
http://purl.obolibrary.org/obo/XPO_0137777	decreased apoptosis in premigratory neural crest cell	http://purl.obolibrary.org/obo/GO_0006915	apoptotic process	http://purl.obolibrary.org/obo/XAO_0004522	premigratory neural crest cell
http://purl.obolibrary.org/obo/XPO_0137831	decreased apoptosis in preoptic area	http://purl.obolibrary.org/obo/GO_0006915	apoptotic process	http://purl.obolibrary.org/obo/XAO_0004583	preoptic area
http://purl.obolibrary.org/obo/XPO_0137357	decreased apoptosis in preplacodal ectoderm	http://purl.obolibrary.org/obo/GO_0006915	apoptotic process	http://purl.obolibrary.org/obo/XAO_0004092	preplacodal ectoderm
http://purl.obolibrary.org/obo/XPO_0138026	decreased apoptosis in prepollex	http://purl.obolibrary.org/obo/GO_0006915	apoptotic process	http://purl.obolibrary.org/obo/XAO_0005160	prepollex
http://purl.obolibrary.org/obo/XPO_0137085	decreased apoptosis in presacral vertebra	http://purl.obolibrary.org/obo/GO_0006915	apoptotic process	http://purl.obolibrary.org/obo/XAO_0003077	presacral vertebra
http://purl.obolibrary.org/obo/XPO_0136662	decreased apoptosis in presomitic mesoderm	http://purl.obolibrary.org/obo/GO_0006915	apoptotic process	http://purl.obolibrary.org/obo/XAO_0000057	presomitic mesoderm
http://purl.obolibrary.org/obo/XPO_0137662	decreased apoptosis in presumptive axial mesoderm	http://purl.obolibrary.org/obo/GO_0006915	apoptotic process	http://purl.obolibrary.org/obo/XAO_0004406	presumptive axial mesoderm
http://purl.obolibrary.org/obo/XPO_0137397	decreased apoptosis in presumptive ectoderm	http://purl.obolibrary.org/obo/GO_0006915	apoptotic process	http://purl.obolibrary.org/obo/XAO_0004132	presumptive ectoderm
http://purl.obolibrary.org/obo/XPO_0137351	decreased apoptosis in presumptive midbrain-hindbrain boundary	http://purl.obolibrary.org/obo/GO_0006915	apoptotic process	http://purl.obolibrary.org/obo/XAO_0004086	presumptive midbrain-hindbrain boundary
http://purl.obolibrary.org/obo/XPO_0137399	decreased apoptosis in presumptive paraxial mesoderm	http://purl.obolibrary.org/obo/GO_0006915	apoptotic process	http://purl.obolibrary.org/obo/XAO_0004134	presumptive paraxial mesoderm
http://purl.obolibrary.org/obo/XPO_0137894	decreased apoptosis in presumptive rhombomere	http://purl.obolibrary.org/obo/GO_0006915	apoptotic process	http://purl.obolibrary.org/obo/XAO_0005026	presumptive rhombomere
http://purl.obolibrary.org/obo/XPO_0137566	decreased apoptosis in pretectum	http://purl.obolibrary.org/obo/GO_0006915	apoptotic process	http://purl.obolibrary.org/obo/XAO_0004303	pretectum
http://purl.obolibrary.org/obo/XPO_0137567	decreased apoptosis in prethalamus	http://purl.obolibrary.org/obo/GO_0006915	apoptotic process	http://purl.obolibrary.org/obo/XAO_0004304	prethalamus
http://purl.obolibrary.org/obo/XPO_0137917	decreased apoptosis in prethalamus basal plate	http://purl.obolibrary.org/obo/GO_0006915	apoptotic process	http://purl.obolibrary.org/obo/XAO_0005049	prethalamus basal plate
http://purl.obolibrary.org/obo/XPO_0137032	decreased apoptosis in primary germ layer	http://purl.obolibrary.org/obo/GO_0006915	apoptotic process	http://purl.obolibrary.org/obo/XAO_0003011	primary germ layer
http://purl.obolibrary.org/obo/XPO_0137450	decreased apoptosis in primary heart field	http://purl.obolibrary.org/obo/GO_0006915	apoptotic process	http://purl.obolibrary.org/obo/XAO_0004185	primary heart field
http://purl.obolibrary.org/obo/XPO_0136843	decreased apoptosis in primary oogonium	http://purl.obolibrary.org/obo/GO_0006915	apoptotic process	http://purl.obolibrary.org/obo/XAO_0000263	primary oogonium
http://purl.obolibrary.org/obo/XPO_0137039	decreased apoptosis in primary spermatogonium	http://purl.obolibrary.org/obo/GO_0006915	apoptotic process	http://purl.obolibrary.org/obo/XAO_0003018	primary spermatogonium
http://purl.obolibrary.org/obo/XPO_0137988	decreased apoptosis in prime meridian	http://purl.obolibrary.org/obo/GO_0006915	apoptotic process	http://purl.obolibrary.org/obo/XAO_0005121	prime meridian
http://purl.obolibrary.org/obo/XPO_0137153	decreased apoptosis in primordial germ cell	http://purl.obolibrary.org/obo/GO_0006915	apoptotic process	http://purl.obolibrary.org/obo/XAO_0003149	primordial germ cell
http://purl.obolibrary.org/obo/XPO_0137061	decreased apoptosis in primordium	http://purl.obolibrary.org/obo/GO_0006915	apoptotic process	http://purl.obolibrary.org/obo/XAO_0003043	primordium
http://purl.obolibrary.org/obo/XPO_0137286	decreased apoptosis in process	http://purl.obolibrary.org/obo/GO_0006915	apoptotic process	http://purl.obolibrary.org/obo/XAO_0004020	process
http://purl.obolibrary.org/obo/XPO_0137628	decreased apoptosis in processus anterior hyalis	http://purl.obolibrary.org/obo/GO_0006915	apoptotic process	http://purl.obolibrary.org/obo/XAO_0004369	processus anterior hyalis
http://purl.obolibrary.org/obo/XPO_0137629	decreased apoptosis in processus articularis palatoquadrati	http://purl.obolibrary.org/obo/GO_0006915	apoptotic process	http://purl.obolibrary.org/obo/XAO_0004370	processus articularis palatoquadrati
http://purl.obolibrary.org/obo/XPO_0137630	decreased apoptosis in processus ascendens palatoquadrate	http://purl.obolibrary.org/obo/GO_0006915	apoptotic process	http://purl.obolibrary.org/obo/XAO_0004371	processus ascendens palatoquadrate
http://purl.obolibrary.org/obo/XPO_0137632	decreased apoptosis in processus lateralis hyalis	http://purl.obolibrary.org/obo/GO_0006915	apoptotic process	http://purl.obolibrary.org/obo/XAO_0004373	processus lateralis hyalis
http://purl.obolibrary.org/obo/XPO_0137635	decreased apoptosis in processus muscularis palatoquadrati	http://purl.obolibrary.org/obo/GO_0006915	apoptotic process	http://purl.obolibrary.org/obo/XAO_0004376	processus muscularis palatoquadrati
http://purl.obolibrary.org/obo/XPO_0137636	decreased apoptosis in processus posterior hyalis	http://purl.obolibrary.org/obo/GO_0006915	apoptotic process	http://purl.obolibrary.org/obo/XAO_0004377	processus posterior hyalis
http://purl.obolibrary.org/obo/XPO_0137638	decreased apoptosis in processus retroarticularis of Meckel's cartilage	http://purl.obolibrary.org/obo/GO_0006915	apoptotic process	http://purl.obolibrary.org/obo/XAO_0004379	processus retroarticularis of Meckel's cartilage
http://purl.obolibrary.org/obo/XPO_0137018	decreased apoptosis in proctodeum	http://purl.obolibrary.org/obo/GO_0006915	apoptotic process	http://purl.obolibrary.org/obo/XAO_0001019	proctodeum
http://purl.obolibrary.org/obo/XPO_0137930	decreased apoptosis in proepicardium	http://purl.obolibrary.org/obo/GO_0006915	apoptotic process	http://purl.obolibrary.org/obo/XAO_0005062	proepicardium
http://purl.obolibrary.org/obo/XPO_0137358	decreased apoptosis in profundal placode	http://purl.obolibrary.org/obo/GO_0006915	apoptotic process	http://purl.obolibrary.org/obo/XAO_0004093	profundal placode
http://purl.obolibrary.org/obo/XPO_0136883	decreased apoptosis in profundus ganglion	http://purl.obolibrary.org/obo/GO_0006915	apoptotic process	http://purl.obolibrary.org/obo/XAO_0000323	profundus ganglion
http://purl.obolibrary.org/obo/XPO_0137901	decreased apoptosis in progenitor cell	http://purl.obolibrary.org/obo/GO_0006915	apoptotic process	http://purl.obolibrary.org/obo/XAO_0005033	progenitor cell
http://purl.obolibrary.org/obo/XPO_0137387	decreased apoptosis in proliferative region	http://purl.obolibrary.org/obo/GO_0006915	apoptotic process	http://purl.obolibrary.org/obo/XAO_0004122	proliferative region
http://purl.obolibrary.org/obo/XPO_0136665	decreased apoptosis in pronephric duct	http://purl.obolibrary.org/obo/GO_0006915	apoptotic process	http://purl.obolibrary.org/obo/XAO_0000063	pronephric duct
http://purl.obolibrary.org/obo/XPO_0137024	decreased apoptosis in pronephric kidney	http://purl.obolibrary.org/obo/GO_0006915	apoptotic process	http://purl.obolibrary.org/obo/XAO_0002000	pronephric kidney
http://purl.obolibrary.org/obo/XPO_0136844	decreased apoptosis in pronephric mesenchyme	http://purl.obolibrary.org/obo/GO_0006915	apoptotic process	http://purl.obolibrary.org/obo/XAO_0000264	pronephric mesenchyme
http://purl.obolibrary.org/obo/XPO_0136862	decreased apoptosis in pronephric nephron	http://purl.obolibrary.org/obo/GO_0006915	apoptotic process	http://purl.obolibrary.org/obo/XAO_0000285	pronephric nephron
http://purl.obolibrary.org/obo/XPO_0136664	decreased apoptosis in pronephric nephrostome	http://purl.obolibrary.org/obo/GO_0006915	apoptotic process	http://purl.obolibrary.org/obo/XAO_0000062	pronephric nephrostome
http://purl.obolibrary.org/obo/XPO_0137370	decreased apoptosis in pronephric tubule	http://purl.obolibrary.org/obo/GO_0006915	apoptotic process	http://purl.obolibrary.org/obo/XAO_0004105	pronephric tubule
http://purl.obolibrary.org/obo/XPO_0138151	decreased apoptosis in prootic bone	http://purl.obolibrary.org/obo/GO_0006915	apoptotic process	http://purl.obolibrary.org/obo/XAO_0005314	prootic bone
http://purl.obolibrary.org/obo/XPO_0137846	decreased apoptosis in prosomere	http://purl.obolibrary.org/obo/GO_0006915	apoptotic process	http://purl.obolibrary.org/obo/XAO_0004598	prosomere
http://purl.obolibrary.org/obo/XPO_0137847	decreased apoptosis in prosomere 4	http://purl.obolibrary.org/obo/GO_0006915	apoptotic process	http://purl.obolibrary.org/obo/XAO_0004599	prosomere 4
http://purl.obolibrary.org/obo/XPO_0137848	decreased apoptosis in prosomere 5	http://purl.obolibrary.org/obo/GO_0006915	apoptotic process	http://purl.obolibrary.org/obo/XAO_0004600	prosomere 5
http://purl.obolibrary.org/obo/XPO_0137849	decreased apoptosis in prosomere 6	http://purl.obolibrary.org/obo/GO_0006915	apoptotic process	http://purl.obolibrary.org/obo/XAO_0004601	prosomere 6
http://purl.obolibrary.org/obo/XPO_0137298	decreased apoptosis in proteinaceous extracellular matrix	http://purl.obolibrary.org/obo/GO_0006915	apoptotic process	http://purl.obolibrary.org/obo/XAO_0004032	proteinaceous extracellular matrix
http://purl.obolibrary.org/obo/XPO_0137663	decreased apoptosis in proximal mesenchyme	http://purl.obolibrary.org/obo/GO_0006915	apoptotic process	http://purl.obolibrary.org/obo/XAO_0004407	proximal mesenchyme
http://purl.obolibrary.org/obo/XPO_0137996	decreased apoptosis in proximal stomach	http://purl.obolibrary.org/obo/GO_0006915	apoptotic process	http://purl.obolibrary.org/obo/XAO_0005129	proximal stomach
http://purl.obolibrary.org/obo/XPO_0137774	decreased apoptosis in proximal tubule	http://purl.obolibrary.org/obo/GO_0006915	apoptotic process	http://purl.obolibrary.org/obo/XAO_0004518	proximal tubule
http://purl.obolibrary.org/obo/XPO_0137776	decreased apoptosis in proximal tubule branch	http://purl.obolibrary.org/obo/GO_0006915	apoptotic process	http://purl.obolibrary.org/obo/XAO_0004520	proximal tubule branch
http://purl.obolibrary.org/obo/XPO_0137658	decreased apoptosis in pseudoblastema	http://purl.obolibrary.org/obo/GO_0006915	apoptotic process	http://purl.obolibrary.org/obo/XAO_0004402	pseudoblastema
http://purl.obolibrary.org/obo/XPO_0137754	decreased apoptosis in pubis	http://purl.obolibrary.org/obo/GO_0006915	apoptotic process	http://purl.obolibrary.org/obo/XAO_0004498	pubis
http://purl.obolibrary.org/obo/XPO_0137427	decreased apoptosis in pulmonary artery	http://purl.obolibrary.org/obo/GO_0006915	apoptotic process	http://purl.obolibrary.org/obo/XAO_0004162	pulmonary artery
http://purl.obolibrary.org/obo/XPO_0137991	decreased apoptosis in pulmonary epithelium	http://purl.obolibrary.org/obo/GO_0006915	apoptotic process	http://purl.obolibrary.org/obo/XAO_0005124	pulmonary epithelium
http://purl.obolibrary.org/obo/XPO_0136942	decreased apoptosis in pulmonary vein	http://purl.obolibrary.org/obo/GO_0006915	apoptotic process	http://purl.obolibrary.org/obo/XAO_0000394	pulmonary vein
http://purl.obolibrary.org/obo/XPO_0136991	decreased apoptosis in pyloric sphincter	http://purl.obolibrary.org/obo/GO_0006915	apoptotic process	http://purl.obolibrary.org/obo/XAO_0000457	pyloric sphincter
http://purl.obolibrary.org/obo/XPO_0138024	decreased apoptosis in pylorus	http://purl.obolibrary.org/obo/GO_0006915	apoptotic process	http://purl.obolibrary.org/obo/XAO_0005158	pylorus
http://purl.obolibrary.org/obo/XPO_0137899	decreased apoptosis in radial glial cell	http://purl.obolibrary.org/obo/GO_0006915	apoptotic process	http://purl.obolibrary.org/obo/XAO_0005031	radial glial cell
http://purl.obolibrary.org/obo/XPO_0137206	decreased apoptosis in radio-ulna	http://purl.obolibrary.org/obo/GO_0006915	apoptotic process	http://purl.obolibrary.org/obo/XAO_0003209	radio-ulna
http://purl.obolibrary.org/obo/XPO_0137832	decreased apoptosis in raphe nucleus	http://purl.obolibrary.org/obo/GO_0006915	apoptotic process	http://purl.obolibrary.org/obo/XAO_0004584	raphe nucleus
http://purl.obolibrary.org/obo/XPO_0137014	decreased apoptosis in rectal diverticulum	http://purl.obolibrary.org/obo/GO_0006915	apoptotic process	http://purl.obolibrary.org/obo/XAO_0001015	rectal diverticulum
http://purl.obolibrary.org/obo/XPO_0136820	decreased apoptosis in rectum	http://purl.obolibrary.org/obo/GO_0006915	apoptotic process	http://purl.obolibrary.org/obo/XAO_0000238	rectum
http://purl.obolibrary.org/obo/XPO_0137374	decreased apoptosis in regenerating eye	http://purl.obolibrary.org/obo/GO_0006915	apoptotic process	http://purl.obolibrary.org/obo/XAO_0004109	regenerating eye
http://purl.obolibrary.org/obo/XPO_0137575	decreased apoptosis in regenerating fin	http://purl.obolibrary.org/obo/GO_0006915	apoptotic process	http://purl.obolibrary.org/obo/XAO_0004312	regenerating fin
http://purl.obolibrary.org/obo/XPO_0137371	decreased apoptosis in regenerating forelimb	http://purl.obolibrary.org/obo/GO_0006915	apoptotic process	http://purl.obolibrary.org/obo/XAO_0004106	regenerating forelimb
http://purl.obolibrary.org/obo/XPO_0137372	decreased apoptosis in regenerating hindlimb	http://purl.obolibrary.org/obo/GO_0006915	apoptotic process	http://purl.obolibrary.org/obo/XAO_0004107	regenerating hindlimb
http://purl.obolibrary.org/obo/XPO_0138092	decreased apoptosis in regenerating lens	http://purl.obolibrary.org/obo/GO_0006915	apoptotic process	http://purl.obolibrary.org/obo/XAO_0005240	regenerating lens
http://purl.obolibrary.org/obo/XPO_0137574	decreased apoptosis in regenerating limb	http://purl.obolibrary.org/obo/GO_0006915	apoptotic process	http://purl.obolibrary.org/obo/XAO_0004311	regenerating limb
http://purl.obolibrary.org/obo/XPO_0138115	decreased apoptosis in regenerating pelvic girdle	http://purl.obolibrary.org/obo/GO_0006915	apoptotic process	http://purl.obolibrary.org/obo/XAO_0005269	regenerating pelvic girdle
http://purl.obolibrary.org/obo/XPO_0137282	decreased apoptosis in regenerating skeletal element	http://purl.obolibrary.org/obo/GO_0006915	apoptotic process	http://purl.obolibrary.org/obo/XAO_0004016	regenerating skeletal element
http://purl.obolibrary.org/obo/XPO_0137373	decreased apoptosis in regenerating tail	http://purl.obolibrary.org/obo/GO_0006915	apoptotic process	http://purl.obolibrary.org/obo/XAO_0004108	regenerating tail
http://purl.obolibrary.org/obo/XPO_0137325	decreased apoptosis in regenerating tissue	http://purl.obolibrary.org/obo/GO_0006915	apoptotic process	http://purl.obolibrary.org/obo/XAO_0004059	regenerating tissue
http://purl.obolibrary.org/obo/XPO_0137656	decreased apoptosis in regenerating zeugopod skeleton	http://purl.obolibrary.org/obo/GO_0006915	apoptotic process	http://purl.obolibrary.org/obo/XAO_0004400	regenerating zeugopod skeleton
http://purl.obolibrary.org/obo/XPO_0137514	decreased apoptosis in renal artery	http://purl.obolibrary.org/obo/GO_0006915	apoptotic process	http://purl.obolibrary.org/obo/XAO_0004249	renal artery
http://purl.obolibrary.org/obo/XPO_0136715	decreased apoptosis in respiratory system	http://purl.obolibrary.org/obo/GO_0006915	apoptotic process	http://purl.obolibrary.org/obo/XAO_0000117	respiratory system
http://purl.obolibrary.org/obo/XPO_0136616	decreased apoptosis in retina	http://purl.obolibrary.org/obo/GO_0006915	apoptotic process	http://purl.obolibrary.org/obo/XAO_0000009	retina
http://purl.obolibrary.org/obo/XPO_0137418	decreased apoptosis in retinal blood vessel	http://purl.obolibrary.org/obo/GO_0006915	apoptotic process	http://purl.obolibrary.org/obo/XAO_0004153	retinal blood vessel
http://purl.obolibrary.org/obo/XPO_0137376	decreased apoptosis in retinal cone cell	http://purl.obolibrary.org/obo/GO_0006915	apoptotic process	http://purl.obolibrary.org/obo/XAO_0004111	retinal cone cell
http://purl.obolibrary.org/obo/XPO_0137365	decreased apoptosis in retinal ganglion cell	http://purl.obolibrary.org/obo/GO_0006915	apoptotic process	http://purl.obolibrary.org/obo/XAO_0004100	retinal ganglion cell
http://purl.obolibrary.org/obo/XPO_0137220	decreased apoptosis in retinal ganglion cell layer	http://purl.obolibrary.org/obo/GO_0006915	apoptotic process	http://purl.obolibrary.org/obo/XAO_0003223	retinal ganglion cell layer
http://purl.obolibrary.org/obo/XPO_0137218	decreased apoptosis in retinal inner nuclear layer	http://purl.obolibrary.org/obo/GO_0006915	apoptotic process	http://purl.obolibrary.org/obo/XAO_0003221	retinal inner nuclear layer
http://purl.obolibrary.org/obo/XPO_0137222	decreased apoptosis in retinal inner plexiform layer	http://purl.obolibrary.org/obo/GO_0006915	apoptotic process	http://purl.obolibrary.org/obo/XAO_0003225	retinal inner plexiform layer
http://purl.obolibrary.org/obo/XPO_0136846	decreased apoptosis in retinal layer	http://purl.obolibrary.org/obo/GO_0006915	apoptotic process	http://purl.obolibrary.org/obo/XAO_0000266	retinal layer
http://purl.obolibrary.org/obo/XPO_0137213	decreased apoptosis in retinal neural layer	http://purl.obolibrary.org/obo/GO_0006915	apoptotic process	http://purl.obolibrary.org/obo/XAO_0003216	retinal neural layer
http://purl.obolibrary.org/obo/XPO_0137216	decreased apoptosis in retinal outer nuclear layer	http://purl.obolibrary.org/obo/GO_0006915	apoptotic process	http://purl.obolibrary.org/obo/XAO_0003219	retinal outer nuclear layer
http://purl.obolibrary.org/obo/XPO_0137215	decreased apoptosis in retinal outer plexiform layer	http://purl.obolibrary.org/obo/GO_0006915	apoptotic process	http://purl.obolibrary.org/obo/XAO_0003218	retinal outer plexiform layer
http://purl.obolibrary.org/obo/XPO_0137214	decreased apoptosis in retinal pigmented epithelium	http://purl.obolibrary.org/obo/GO_0006915	apoptotic process	http://purl.obolibrary.org/obo/XAO_0003217	retinal pigmented epithelium
http://purl.obolibrary.org/obo/XPO_0137740	decreased apoptosis in retinal progenitor cell	http://purl.obolibrary.org/obo/GO_0006915	apoptotic process	http://purl.obolibrary.org/obo/XAO_0004484	retinal progenitor cell
http://purl.obolibrary.org/obo/XPO_0137644	decreased apoptosis in retinal progenitor cell region	http://purl.obolibrary.org/obo/GO_0006915	apoptotic process	http://purl.obolibrary.org/obo/XAO_0004388	retinal progenitor cell region
http://purl.obolibrary.org/obo/XPO_0137377	decreased apoptosis in retinal rod cell	http://purl.obolibrary.org/obo/GO_0006915	apoptotic process	http://purl.obolibrary.org/obo/XAO_0004112	retinal rod cell
http://purl.obolibrary.org/obo/XPO_0137739	decreased apoptosis in retinal stem cell	http://purl.obolibrary.org/obo/GO_0006915	apoptotic process	http://purl.obolibrary.org/obo/XAO_0004483	retinal stem cell
http://purl.obolibrary.org/obo/XPO_0137643	decreased apoptosis in retinal stem cell region	http://purl.obolibrary.org/obo/GO_0006915	apoptotic process	http://purl.obolibrary.org/obo/XAO_0004387	retinal stem cell region
http://purl.obolibrary.org/obo/XPO_0138152	decreased apoptosis in retinal vein	http://purl.obolibrary.org/obo/GO_0006915	apoptotic process	http://purl.obolibrary.org/obo/XAO_0005315	retinal vein
http://purl.obolibrary.org/obo/XPO_0137919	decreased apoptosis in retromammillary area	http://purl.obolibrary.org/obo/GO_0006915	apoptotic process	http://purl.obolibrary.org/obo/XAO_0005051	retromammillary area
http://purl.obolibrary.org/obo/XPO_0137400	decreased apoptosis in rhombic lip	http://purl.obolibrary.org/obo/GO_0006915	apoptotic process	http://purl.obolibrary.org/obo/XAO_0004135	rhombic lip
http://purl.obolibrary.org/obo/XPO_0137344	decreased apoptosis in rhombomere	http://purl.obolibrary.org/obo/GO_0006915	apoptotic process	http://purl.obolibrary.org/obo/XAO_0004079	rhombomere
http://purl.obolibrary.org/obo/XPO_0137720	decreased apoptosis in rhombomere R1	http://purl.obolibrary.org/obo/GO_0006915	apoptotic process	http://purl.obolibrary.org/obo/XAO_0004464	rhombomere R1
http://purl.obolibrary.org/obo/XPO_0137345	decreased apoptosis in rhombomere R2	http://purl.obolibrary.org/obo/GO_0006915	apoptotic process	http://purl.obolibrary.org/obo/XAO_0004080	rhombomere R2
http://purl.obolibrary.org/obo/XPO_0137346	decreased apoptosis in rhombomere R3	http://purl.obolibrary.org/obo/GO_0006915	apoptotic process	http://purl.obolibrary.org/obo/XAO_0004081	rhombomere R3
http://purl.obolibrary.org/obo/XPO_0137347	decreased apoptosis in rhombomere R4	http://purl.obolibrary.org/obo/GO_0006915	apoptotic process	http://purl.obolibrary.org/obo/XAO_0004082	rhombomere R4
http://purl.obolibrary.org/obo/XPO_0137348	decreased apoptosis in rhombomere R5	http://purl.obolibrary.org/obo/GO_0006915	apoptotic process	http://purl.obolibrary.org/obo/XAO_0004083	rhombomere R5
http://purl.obolibrary.org/obo/XPO_0137349	decreased apoptosis in rhombomere R6	http://purl.obolibrary.org/obo/GO_0006915	apoptotic process	http://purl.obolibrary.org/obo/XAO_0004084	rhombomere R6
http://purl.obolibrary.org/obo/XPO_0137511	decreased apoptosis in rhombomere R7	http://purl.obolibrary.org/obo/GO_0006915	apoptotic process	http://purl.obolibrary.org/obo/XAO_0004246	rhombomere R7
http://purl.obolibrary.org/obo/XPO_0137531	decreased apoptosis in rhombomere R8	http://purl.obolibrary.org/obo/GO_0006915	apoptotic process	http://purl.obolibrary.org/obo/XAO_0004266	rhombomere R8
http://purl.obolibrary.org/obo/XPO_0137756	decreased apoptosis in rib	http://purl.obolibrary.org/obo/GO_0006915	apoptotic process	http://purl.obolibrary.org/obo/XAO_0004500	rib
http://purl.obolibrary.org/obo/XPO_0137189	decreased apoptosis in right atrium	http://purl.obolibrary.org/obo/GO_0006915	apoptotic process	http://purl.obolibrary.org/obo/XAO_0003192	right atrium
http://purl.obolibrary.org/obo/XPO_0138039	decreased apoptosis in right blastomere	http://purl.obolibrary.org/obo/GO_0006915	apoptotic process	http://purl.obolibrary.org/obo/XAO_0005173	right blastomere
http://purl.obolibrary.org/obo/XPO_0136898	decreased apoptosis in right channel of ventral aorta	http://purl.obolibrary.org/obo/GO_0006915	apoptotic process	http://purl.obolibrary.org/obo/XAO_0000340	right channel of ventral aorta
http://purl.obolibrary.org/obo/XPO_0136922	decreased apoptosis in right lymph heart	http://purl.obolibrary.org/obo/GO_0006915	apoptotic process	http://purl.obolibrary.org/obo/XAO_0000371	right lymph heart
http://purl.obolibrary.org/obo/XPO_0138117	decreased apoptosis in right optic vesicle	http://purl.obolibrary.org/obo/GO_0006915	apoptotic process	http://purl.obolibrary.org/obo/XAO_0005277	right optic vesicle
http://purl.obolibrary.org/obo/XPO_0136886	decreased apoptosis in right spleen primordium	http://purl.obolibrary.org/obo/GO_0006915	apoptotic process	http://purl.obolibrary.org/obo/XAO_0000327	right spleen primordium
http://purl.obolibrary.org/obo/XPO_0138041	decreased apoptosis in right-dorsal blastomere	http://purl.obolibrary.org/obo/GO_0006915	apoptotic process	http://purl.obolibrary.org/obo/XAO_0005175	right-dorsal blastomere
http://purl.obolibrary.org/obo/XPO_0138043	decreased apoptosis in right-ventral blastomere	http://purl.obolibrary.org/obo/GO_0006915	apoptotic process	http://purl.obolibrary.org/obo/XAO_0005177	right-ventral blastomere
http://purl.obolibrary.org/obo/XPO_0138157	decreased apoptosis in roof of mouth	http://purl.obolibrary.org/obo/GO_0006915	apoptotic process	http://purl.obolibrary.org/obo/XAO_0005320	roof of mouth
http://purl.obolibrary.org/obo/XPO_0136628	decreased apoptosis in roof plate	http://purl.obolibrary.org/obo/GO_0006915	apoptotic process	http://purl.obolibrary.org/obo/XAO_0000022	roof plate
http://purl.obolibrary.org/obo/XPO_0138090	decreased apoptosis in rostral notochord	http://purl.obolibrary.org/obo/GO_0006915	apoptotic process	http://purl.obolibrary.org/obo/XAO_0005238	rostral notochord
http://purl.obolibrary.org/obo/XPO_0137859	decreased apoptosis in rostral presomitic mesoderm	http://purl.obolibrary.org/obo/GO_0006915	apoptotic process	http://purl.obolibrary.org/obo/XAO_0004618	rostral presomitic mesoderm
http://purl.obolibrary.org/obo/XPO_0137915	decreased apoptosis in rostral tuberal region	http://purl.obolibrary.org/obo/GO_0006915	apoptotic process	http://purl.obolibrary.org/obo/XAO_0005047	rostral tuberal region
http://purl.obolibrary.org/obo/XPO_0137401	decreased apoptosis in saccular macula	http://purl.obolibrary.org/obo/GO_0006915	apoptotic process	http://purl.obolibrary.org/obo/XAO_0004136	saccular macula
http://purl.obolibrary.org/obo/XPO_0136785	decreased apoptosis in sacculus	http://purl.obolibrary.org/obo/GO_0006915	apoptotic process	http://purl.obolibrary.org/obo/XAO_0000196	sacculus
http://purl.obolibrary.org/obo/XPO_0137457	decreased apoptosis in sacral neural crest	http://purl.obolibrary.org/obo/GO_0006915	apoptotic process	http://purl.obolibrary.org/obo/XAO_0004192	sacral neural crest
http://purl.obolibrary.org/obo/XPO_0137086	decreased apoptosis in sacral vertebra	http://purl.obolibrary.org/obo/GO_0006915	apoptotic process	http://purl.obolibrary.org/obo/XAO_0003078	sacral vertebra
http://purl.obolibrary.org/obo/XPO_0137550	decreased apoptosis in scapula	http://purl.obolibrary.org/obo/GO_0006915	apoptotic process	http://purl.obolibrary.org/obo/XAO_0004286	scapula
http://purl.obolibrary.org/obo/XPO_0137933	decreased apoptosis in sciatic nerve	http://purl.obolibrary.org/obo/GO_0006915	apoptotic process	http://purl.obolibrary.org/obo/XAO_0005065	sciatic nerve
http://purl.obolibrary.org/obo/XPO_0136774	decreased apoptosis in sclera	http://purl.obolibrary.org/obo/GO_0006915	apoptotic process	http://purl.obolibrary.org/obo/XAO_0000183	sclera
http://purl.obolibrary.org/obo/XPO_0136947	decreased apoptosis in sclerotomal cartilage	http://purl.obolibrary.org/obo/GO_0006915	apoptotic process	http://purl.obolibrary.org/obo/XAO_0000401	sclerotomal cartilage
http://purl.obolibrary.org/obo/XPO_0136958	decreased apoptosis in sclerotomal mesenchyme	http://purl.obolibrary.org/obo/GO_0006915	apoptotic process	http://purl.obolibrary.org/obo/XAO_0000414	sclerotomal mesenchyme
http://purl.obolibrary.org/obo/XPO_0136945	decreased apoptosis in sclerotome	http://purl.obolibrary.org/obo/GO_0006915	apoptotic process	http://purl.obolibrary.org/obo/XAO_0000397	sclerotome
http://purl.obolibrary.org/obo/XPO_0137117	decreased apoptosis in sclerotome of head somite 4	http://purl.obolibrary.org/obo/GO_0006915	apoptotic process	http://purl.obolibrary.org/obo/XAO_0003112	sclerotome of head somite 4
http://purl.obolibrary.org/obo/XPO_0137140	decreased apoptosis in sclerotome of tail somite 14	http://purl.obolibrary.org/obo/GO_0006915	apoptotic process	http://purl.obolibrary.org/obo/XAO_0003135	sclerotome of tail somite 14
http://purl.obolibrary.org/obo/XPO_0137142	decreased apoptosis in sclerotome of tail somite 15	http://purl.obolibrary.org/obo/GO_0006915	apoptotic process	http://purl.obolibrary.org/obo/XAO_0003137	sclerotome of tail somite 15
http://purl.obolibrary.org/obo/XPO_0137144	decreased apoptosis in sclerotome of tail somite 16	http://purl.obolibrary.org/obo/GO_0006915	apoptotic process	http://purl.obolibrary.org/obo/XAO_0003139	sclerotome of tail somite 16
http://purl.obolibrary.org/obo/XPO_0137146	decreased apoptosis in sclerotome of tail somite 17	http://purl.obolibrary.org/obo/GO_0006915	apoptotic process	http://purl.obolibrary.org/obo/XAO_0003141	sclerotome of tail somite 17
http://purl.obolibrary.org/obo/XPO_0137864	decreased apoptosis in sclerotome of tail somite 18	http://purl.obolibrary.org/obo/GO_0006915	apoptotic process	http://purl.obolibrary.org/obo/XAO_0004623	sclerotome of tail somite 18
http://purl.obolibrary.org/obo/XPO_0137118	decreased apoptosis in sclerotome of trunk somite 1	http://purl.obolibrary.org/obo/GO_0006915	apoptotic process	http://purl.obolibrary.org/obo/XAO_0003113	sclerotome of trunk somite 1
http://purl.obolibrary.org/obo/XPO_0137132	decreased apoptosis in sclerotome of trunk somite 10	http://purl.obolibrary.org/obo/GO_0006915	apoptotic process	http://purl.obolibrary.org/obo/XAO_0003127	sclerotome of trunk somite 10
http://purl.obolibrary.org/obo/XPO_0137134	decreased apoptosis in sclerotome of trunk somite 11	http://purl.obolibrary.org/obo/GO_0006915	apoptotic process	http://purl.obolibrary.org/obo/XAO_0003129	sclerotome of trunk somite 11
http://purl.obolibrary.org/obo/XPO_0137136	decreased apoptosis in sclerotome of trunk somite 12	http://purl.obolibrary.org/obo/GO_0006915	apoptotic process	http://purl.obolibrary.org/obo/XAO_0003131	sclerotome of trunk somite 12
http://purl.obolibrary.org/obo/XPO_0137138	decreased apoptosis in sclerotome of trunk somite 13	http://purl.obolibrary.org/obo/GO_0006915	apoptotic process	http://purl.obolibrary.org/obo/XAO_0003133	sclerotome of trunk somite 13
http://purl.obolibrary.org/obo/XPO_0137119	decreased apoptosis in sclerotome of trunk somite 2	http://purl.obolibrary.org/obo/GO_0006915	apoptotic process	http://purl.obolibrary.org/obo/XAO_0003114	sclerotome of trunk somite 2
http://purl.obolibrary.org/obo/XPO_0137120	decreased apoptosis in sclerotome of trunk somite 3	http://purl.obolibrary.org/obo/GO_0006915	apoptotic process	http://purl.obolibrary.org/obo/XAO_0003115	sclerotome of trunk somite 3
http://purl.obolibrary.org/obo/XPO_0137121	decreased apoptosis in sclerotome of trunk somite 4	http://purl.obolibrary.org/obo/GO_0006915	apoptotic process	http://purl.obolibrary.org/obo/XAO_0003116	sclerotome of trunk somite 4
http://purl.obolibrary.org/obo/XPO_0137126	decreased apoptosis in sclerotome of trunk somite 5	http://purl.obolibrary.org/obo/GO_0006915	apoptotic process	http://purl.obolibrary.org/obo/XAO_0003121	sclerotome of trunk somite 5
http://purl.obolibrary.org/obo/XPO_0137127	decreased apoptosis in sclerotome of trunk somite 6	http://purl.obolibrary.org/obo/GO_0006915	apoptotic process	http://purl.obolibrary.org/obo/XAO_0003122	sclerotome of trunk somite 6
http://purl.obolibrary.org/obo/XPO_0137128	decreased apoptosis in sclerotome of trunk somite 7	http://purl.obolibrary.org/obo/GO_0006915	apoptotic process	http://purl.obolibrary.org/obo/XAO_0003123	sclerotome of trunk somite 7
http://purl.obolibrary.org/obo/XPO_0137129	decreased apoptosis in sclerotome of trunk somite 8	http://purl.obolibrary.org/obo/GO_0006915	apoptotic process	http://purl.obolibrary.org/obo/XAO_0003124	sclerotome of trunk somite 8
http://purl.obolibrary.org/obo/XPO_0137131	decreased apoptosis in sclerotome of trunk somite 9	http://purl.obolibrary.org/obo/GO_0006915	apoptotic process	http://purl.obolibrary.org/obo/XAO_0003126	sclerotome of trunk somite 9
http://purl.obolibrary.org/obo/XPO_0137022	decreased apoptosis in second pancreatic bud	http://purl.obolibrary.org/obo/GO_0006915	apoptotic process	http://purl.obolibrary.org/obo/XAO_0001102	second pancreatic bud
http://purl.obolibrary.org/obo/XPO_0137451	decreased apoptosis in secondary heart field	http://purl.obolibrary.org/obo/GO_0006915	apoptotic process	http://purl.obolibrary.org/obo/XAO_0004186	secondary heart field
http://purl.obolibrary.org/obo/XPO_0137945	decreased apoptosis in secondary myofiber	http://purl.obolibrary.org/obo/GO_0006915	apoptotic process	http://purl.obolibrary.org/obo/XAO_0005077	secondary myofiber
http://purl.obolibrary.org/obo/XPO_0136848	decreased apoptosis in secondary oogonium	http://purl.obolibrary.org/obo/GO_0006915	apoptotic process	http://purl.obolibrary.org/obo/XAO_0000268	secondary oogonium
http://purl.obolibrary.org/obo/XPO_0137041	decreased apoptosis in secondary spermatogonium	http://purl.obolibrary.org/obo/GO_0006915	apoptotic process	http://purl.obolibrary.org/obo/XAO_0003020	secondary spermatogonium
http://purl.obolibrary.org/obo/XPO_0137853	decreased apoptosis in secretory epithelial cell	http://purl.obolibrary.org/obo/GO_0006915	apoptotic process	http://purl.obolibrary.org/obo/XAO_0004612	secretory epithelial cell
http://purl.obolibrary.org/obo/XPO_0136787	decreased apoptosis in semicircular canal	http://purl.obolibrary.org/obo/GO_0006915	apoptotic process	http://purl.obolibrary.org/obo/XAO_0000198	semicircular canal
http://purl.obolibrary.org/obo/XPO_0137095	decreased apoptosis in seminiferous tubule	http://purl.obolibrary.org/obo/GO_0006915	apoptotic process	http://purl.obolibrary.org/obo/XAO_0003088	seminiferous tubule
http://purl.obolibrary.org/obo/XPO_0136882	decreased apoptosis in sensorial layer	http://purl.obolibrary.org/obo/GO_0006915	apoptotic process	http://purl.obolibrary.org/obo/XAO_0000320	sensorial layer
http://purl.obolibrary.org/obo/XPO_0136850	decreased apoptosis in sensorial layer of neurectoderm	http://purl.obolibrary.org/obo/GO_0006915	apoptotic process	http://purl.obolibrary.org/obo/XAO_0000270	sensorial layer of neurectoderm
http://purl.obolibrary.org/obo/XPO_0137403	decreased apoptosis in sensory epithelial cell	http://purl.obolibrary.org/obo/GO_0006915	apoptotic process	http://purl.obolibrary.org/obo/XAO_0004138	sensory epithelial cell
http://purl.obolibrary.org/obo/XPO_0137191	decreased apoptosis in sensory system	http://purl.obolibrary.org/obo/GO_0006915	apoptotic process	http://purl.obolibrary.org/obo/XAO_0003194	sensory system
http://purl.obolibrary.org/obo/XPO_0137833	decreased apoptosis in septum	http://purl.obolibrary.org/obo/GO_0006915	apoptotic process	http://purl.obolibrary.org/obo/XAO_0004585	septum
http://purl.obolibrary.org/obo/XPO_0137722	decreased apoptosis in serous membrane	http://purl.obolibrary.org/obo/GO_0006915	apoptotic process	http://purl.obolibrary.org/obo/XAO_0004466	serous membrane
http://purl.obolibrary.org/obo/XPO_0137469	decreased apoptosis in sesamoid	http://purl.obolibrary.org/obo/GO_0006915	apoptotic process	http://purl.obolibrary.org/obo/XAO_0004204	sesamoid
http://purl.obolibrary.org/obo/XPO_0137274	decreased apoptosis in simple columnar epithelium	http://purl.obolibrary.org/obo/GO_0006915	apoptotic process	http://purl.obolibrary.org/obo/XAO_0004008	simple columnar epithelium
http://purl.obolibrary.org/obo/XPO_0137275	decreased apoptosis in simple cuboidal epithelium	http://purl.obolibrary.org/obo/GO_0006915	apoptotic process	http://purl.obolibrary.org/obo/XAO_0004009	simple cuboidal epithelium
http://purl.obolibrary.org/obo/XPO_0137056	decreased apoptosis in simple organ	http://purl.obolibrary.org/obo/GO_0006915	apoptotic process	http://purl.obolibrary.org/obo/XAO_0003038	simple organ
http://purl.obolibrary.org/obo/XPO_0137276	decreased apoptosis in simple squamous epithelium	http://purl.obolibrary.org/obo/GO_0006915	apoptotic process	http://purl.obolibrary.org/obo/XAO_0004010	simple squamous epithelium
http://purl.obolibrary.org/obo/XPO_0137728	decreased apoptosis in sinus venosus	http://purl.obolibrary.org/obo/GO_0006915	apoptotic process	http://purl.obolibrary.org/obo/XAO_0004472	sinus venosus
http://purl.obolibrary.org/obo/XPO_0137278	decreased apoptosis in skeletal element	http://purl.obolibrary.org/obo/GO_0006915	apoptotic process	http://purl.obolibrary.org/obo/XAO_0004012	skeletal element
http://purl.obolibrary.org/obo/XPO_0136765	decreased apoptosis in skeletal muscle	http://purl.obolibrary.org/obo/GO_0006915	apoptotic process	http://purl.obolibrary.org/obo/XAO_0000174	skeletal muscle
http://purl.obolibrary.org/obo/XPO_0137911	decreased apoptosis in skeletal muscle satellite cell	http://purl.obolibrary.org/obo/GO_0006915	apoptotic process	http://purl.obolibrary.org/obo/XAO_0005043	skeletal muscle satellite cell
http://purl.obolibrary.org/obo/XPO_0137732	decreased apoptosis in skeletal myocyte	http://purl.obolibrary.org/obo/GO_0006915	apoptotic process	http://purl.obolibrary.org/obo/XAO_0004476	skeletal myocyte
http://purl.obolibrary.org/obo/XPO_0137553	decreased apoptosis in skeletal subdivision	http://purl.obolibrary.org/obo/GO_0006915	apoptotic process	http://purl.obolibrary.org/obo/XAO_0004289	skeletal subdivision
http://purl.obolibrary.org/obo/XPO_0137074	decreased apoptosis in skeletal system	http://purl.obolibrary.org/obo/GO_0006915	apoptotic process	http://purl.obolibrary.org/obo/XAO_0003060	skeletal system
http://purl.obolibrary.org/obo/XPO_0137304	decreased apoptosis in skeletal tissue	http://purl.obolibrary.org/obo/GO_0006915	apoptotic process	http://purl.obolibrary.org/obo/XAO_0004038	skeletal tissue
http://purl.obolibrary.org/obo/XPO_0137319	decreased apoptosis in skeleton	http://purl.obolibrary.org/obo/GO_0006915	apoptotic process	http://purl.obolibrary.org/obo/XAO_0004053	skeleton
http://purl.obolibrary.org/obo/XPO_0136629	decreased apoptosis in skin	http://purl.obolibrary.org/obo/GO_0006915	apoptotic process	http://purl.obolibrary.org/obo/XAO_0000023	skin
http://purl.obolibrary.org/obo/XPO_0137939	decreased apoptosis in skin gland	http://purl.obolibrary.org/obo/GO_0006915	apoptotic process	http://purl.obolibrary.org/obo/XAO_0005071	skin gland
http://purl.obolibrary.org/obo/XPO_0137940	decreased apoptosis in skin mucous gland	http://purl.obolibrary.org/obo/GO_0006915	apoptotic process	http://purl.obolibrary.org/obo/XAO_0005072	skin mucous gland
http://purl.obolibrary.org/obo/XPO_0137942	decreased apoptosis in skin seromucous gland	http://purl.obolibrary.org/obo/GO_0006915	apoptotic process	http://purl.obolibrary.org/obo/XAO_0005074	skin seromucous gland
http://purl.obolibrary.org/obo/XPO_0136727	decreased apoptosis in small intestine	http://purl.obolibrary.org/obo/GO_0006915	apoptotic process	http://purl.obolibrary.org/obo/XAO_0000130	small intestine
http://purl.obolibrary.org/obo/XPO_0138087	decreased apoptosis in small secretory cell	http://purl.obolibrary.org/obo/GO_0006915	apoptotic process	http://purl.obolibrary.org/obo/XAO_0005234	small secretory cell
http://purl.obolibrary.org/obo/XPO_0136766	decreased apoptosis in smooth muscle	http://purl.obolibrary.org/obo/GO_0006915	apoptotic process	http://purl.obolibrary.org/obo/XAO_0000175	smooth muscle
http://purl.obolibrary.org/obo/XPO_0137733	decreased apoptosis in smooth muscle myocyte	http://purl.obolibrary.org/obo/GO_0006915	apoptotic process	http://purl.obolibrary.org/obo/XAO_0004477	smooth muscle myocyte
http://purl.obolibrary.org/obo/XPO_0137168	decreased apoptosis in solid compound organ	http://purl.obolibrary.org/obo/GO_0006915	apoptotic process	http://purl.obolibrary.org/obo/XAO_0003164	solid compound organ
http://purl.obolibrary.org/obo/XPO_0137834	decreased apoptosis in solitary tract	http://purl.obolibrary.org/obo/GO_0006915	apoptotic process	http://purl.obolibrary.org/obo/XAO_0004586	solitary tract
http://purl.obolibrary.org/obo/XPO_0136851	decreased apoptosis in somatic layer of lateral plate mesoderm	http://purl.obolibrary.org/obo/GO_0006915	apoptotic process	http://purl.obolibrary.org/obo/XAO_0000271	somatic layer of lateral plate mesoderm
http://purl.obolibrary.org/obo/XPO_0137261	decreased apoptosis in somatic stem cell	http://purl.obolibrary.org/obo/GO_0006915	apoptotic process	http://purl.obolibrary.org/obo/XAO_0003265	somatic stem cell
http://purl.obolibrary.org/obo/XPO_0136663	decreased apoptosis in somite	http://purl.obolibrary.org/obo/GO_0006915	apoptotic process	http://purl.obolibrary.org/obo/XAO_0000058	somite
http://purl.obolibrary.org/obo/XPO_0137155	decreased apoptosis in spermatid	http://purl.obolibrary.org/obo/GO_0006915	apoptotic process	http://purl.obolibrary.org/obo/XAO_0003151	spermatid
http://purl.obolibrary.org/obo/XPO_0137040	decreased apoptosis in spermatocyte	http://purl.obolibrary.org/obo/GO_0006915	apoptotic process	http://purl.obolibrary.org/obo/XAO_0003019	spermatocyte
http://purl.obolibrary.org/obo/XPO_0137152	decreased apoptosis in spermatozoon	http://purl.obolibrary.org/obo/GO_0006915	apoptotic process	http://purl.obolibrary.org/obo/XAO_0003147	spermatozoon
http://purl.obolibrary.org/obo/XPO_0137176	decreased apoptosis in sphenoid region	http://purl.obolibrary.org/obo/GO_0006915	apoptotic process	http://purl.obolibrary.org/obo/XAO_0003174	sphenoid region
http://purl.obolibrary.org/obo/XPO_0137745	decreased apoptosis in spike	http://purl.obolibrary.org/obo/GO_0006915	apoptotic process	http://purl.obolibrary.org/obo/XAO_0004489	spike
http://purl.obolibrary.org/obo/XPO_0136626	decreased apoptosis in spinal cord	http://purl.obolibrary.org/obo/GO_0006915	apoptotic process	http://purl.obolibrary.org/obo/XAO_0000020	spinal cord
http://purl.obolibrary.org/obo/XPO_0136797	decreased apoptosis in spinal ganglion	http://purl.obolibrary.org/obo/GO_0006915	apoptotic process	http://purl.obolibrary.org/obo/XAO_0000210	spinal ganglion
http://purl.obolibrary.org/obo/XPO_0137106	decreased apoptosis in spinal nerve	http://purl.obolibrary.org/obo/GO_0006915	apoptotic process	http://purl.obolibrary.org/obo/XAO_0003101	spinal nerve
http://purl.obolibrary.org/obo/XPO_0137886	decreased apoptosis in spinal neuron	http://purl.obolibrary.org/obo/GO_0006915	apoptotic process	http://purl.obolibrary.org/obo/XAO_0005018	spinal neuron
http://purl.obolibrary.org/obo/XPO_0137497	decreased apoptosis in spiracle	http://purl.obolibrary.org/obo/GO_0006915	apoptotic process	http://purl.obolibrary.org/obo/XAO_0004232	spiracle
http://purl.obolibrary.org/obo/XPO_0137406	decreased apoptosis in spiral septum	http://purl.obolibrary.org/obo/GO_0006915	apoptotic process	http://purl.obolibrary.org/obo/XAO_0004141	spiral septum
http://purl.obolibrary.org/obo/XPO_0136855	decreased apoptosis in splanchnic layer of lateral plate mesoderm	http://purl.obolibrary.org/obo/GO_0006915	apoptotic process	http://purl.obolibrary.org/obo/XAO_0000276	splanchnic layer of lateral plate mesoderm
http://purl.obolibrary.org/obo/XPO_0137178	decreased apoptosis in splanchnocranium	http://purl.obolibrary.org/obo/GO_0006915	apoptotic process	http://purl.obolibrary.org/obo/XAO_0003176	splanchnocranium
http://purl.obolibrary.org/obo/XPO_0136887	decreased apoptosis in spleen	http://purl.obolibrary.org/obo/GO_0006915	apoptotic process	http://purl.obolibrary.org/obo/XAO_0000328	spleen
http://purl.obolibrary.org/obo/XPO_0137379	decreased apoptosis in stage I oocyte	http://purl.obolibrary.org/obo/GO_0006915	apoptotic process	http://purl.obolibrary.org/obo/XAO_0004114	stage I oocyte
http://purl.obolibrary.org/obo/XPO_0137380	decreased apoptosis in stage II oocyte	http://purl.obolibrary.org/obo/GO_0006915	apoptotic process	http://purl.obolibrary.org/obo/XAO_0004115	stage II oocyte
http://purl.obolibrary.org/obo/XPO_0137381	decreased apoptosis in stage III oocyte	http://purl.obolibrary.org/obo/GO_0006915	apoptotic process	http://purl.obolibrary.org/obo/XAO_0004116	stage III oocyte
http://purl.obolibrary.org/obo/XPO_0137382	decreased apoptosis in stage IV oocyte	http://purl.obolibrary.org/obo/GO_0006915	apoptotic process	http://purl.obolibrary.org/obo/XAO_0004117	stage IV oocyte
http://purl.obolibrary.org/obo/XPO_0137383	decreased apoptosis in stage V oocyte	http://purl.obolibrary.org/obo/GO_0006915	apoptotic process	http://purl.obolibrary.org/obo/XAO_0004118	stage V oocyte
http://purl.obolibrary.org/obo/XPO_0137384	decreased apoptosis in stage VI oocyte	http://purl.obolibrary.org/obo/GO_0006915	apoptotic process	http://purl.obolibrary.org/obo/XAO_0004119	stage VI oocyte
http://purl.obolibrary.org/obo/XPO_0137573	decreased apoptosis in stapes	http://purl.obolibrary.org/obo/GO_0006915	apoptotic process	http://purl.obolibrary.org/obo/XAO_0004310	stapes
http://purl.obolibrary.org/obo/XPO_0137071	decreased apoptosis in stem cell	http://purl.obolibrary.org/obo/GO_0006915	apoptotic process	http://purl.obolibrary.org/obo/XAO_0003054	stem cell
http://purl.obolibrary.org/obo/XPO_0136725	decreased apoptosis in stomach	http://purl.obolibrary.org/obo/GO_0006915	apoptotic process	http://purl.obolibrary.org/obo/XAO_0000128	stomach
http://purl.obolibrary.org/obo/XPO_0138022	decreased apoptosis in stomach body	http://purl.obolibrary.org/obo/GO_0006915	apoptotic process	http://purl.obolibrary.org/obo/XAO_0005156	stomach body
http://purl.obolibrary.org/obo/XPO_0138138	decreased apoptosis in stomach epithelium	http://purl.obolibrary.org/obo/GO_0006915	apoptotic process	http://purl.obolibrary.org/obo/XAO_0005300	stomach epithelium
http://purl.obolibrary.org/obo/XPO_0136638	decreased apoptosis in stomodeal-hypophyseal primordium	http://purl.obolibrary.org/obo/GO_0006915	apoptotic process	http://purl.obolibrary.org/obo/XAO_0000032	stomodeal-hypophyseal primordium
http://purl.obolibrary.org/obo/XPO_0137927	decreased apoptosis in stratum compactum	http://purl.obolibrary.org/obo/GO_0006915	apoptotic process	http://purl.obolibrary.org/obo/XAO_0005059	stratum compactum
http://purl.obolibrary.org/obo/XPO_0137926	decreased apoptosis in stratum spongiosum	http://purl.obolibrary.org/obo/GO_0006915	apoptotic process	http://purl.obolibrary.org/obo/XAO_0005058	stratum spongiosum
http://purl.obolibrary.org/obo/XPO_0137925	decreased apoptosis in stria terminalis	http://purl.obolibrary.org/obo/GO_0006915	apoptotic process	http://purl.obolibrary.org/obo/XAO_0005057	stria terminalis
http://purl.obolibrary.org/obo/XPO_0137835	decreased apoptosis in striatum	http://purl.obolibrary.org/obo/GO_0006915	apoptotic process	http://purl.obolibrary.org/obo/XAO_0004587	striatum
http://purl.obolibrary.org/obo/XPO_0137888	decreased apoptosis in stromal cell	http://purl.obolibrary.org/obo/GO_0006915	apoptotic process	http://purl.obolibrary.org/obo/XAO_0005020	stromal cell
http://purl.obolibrary.org/obo/XPO_0137528	decreased apoptosis in stylopod	http://purl.obolibrary.org/obo/GO_0006915	apoptotic process	http://purl.obolibrary.org/obo/XAO_0004263	stylopod
http://purl.obolibrary.org/obo/XPO_0137334	decreased apoptosis in sub-blastoporal endoderm	http://purl.obolibrary.org/obo/GO_0006915	apoptotic process	http://purl.obolibrary.org/obo/XAO_0004068	sub-blastoporal endoderm
http://purl.obolibrary.org/obo/XPO_0137519	decreased apoptosis in subclavian vein	http://purl.obolibrary.org/obo/GO_0006915	apoptotic process	http://purl.obolibrary.org/obo/XAO_0004254	subclavian vein
http://purl.obolibrary.org/obo/XPO_0137836	decreased apoptosis in subcommissural organ	http://purl.obolibrary.org/obo/GO_0006915	apoptotic process	http://purl.obolibrary.org/obo/XAO_0004588	subcommissural organ
http://purl.obolibrary.org/obo/XPO_0136939	decreased apoptosis in subinterstitial vein	http://purl.obolibrary.org/obo/GO_0006915	apoptotic process	http://purl.obolibrary.org/obo/XAO_0000391	subinterstitial vein
http://purl.obolibrary.org/obo/XPO_0137437	decreased apoptosis in subintestinal vein	http://purl.obolibrary.org/obo/GO_0006915	apoptotic process	http://purl.obolibrary.org/obo/XAO_0004172	subintestinal vein
http://purl.obolibrary.org/obo/XPO_0137715	decreased apoptosis in subocular cartilage	http://purl.obolibrary.org/obo/GO_0006915	apoptotic process	http://purl.obolibrary.org/obo/XAO_0004459	subocular cartilage
http://purl.obolibrary.org/obo/XPO_0137523	decreased apoptosis in subpallium	http://purl.obolibrary.org/obo/GO_0006915	apoptotic process	http://purl.obolibrary.org/obo/XAO_0004258	subpallium
http://purl.obolibrary.org/obo/XPO_0137837	decreased apoptosis in subthalamic nucleus	http://purl.obolibrary.org/obo/GO_0006915	apoptotic process	http://purl.obolibrary.org/obo/XAO_0004589	subthalamic nucleus
http://purl.obolibrary.org/obo/XPO_0137938	decreased apoptosis in sulcus limitans of neural tube	http://purl.obolibrary.org/obo/GO_0006915	apoptotic process	http://purl.obolibrary.org/obo/XAO_0005070	sulcus limitans of neural tube
http://purl.obolibrary.org/obo/XPO_0138093	decreased apoptosis in superficial layer of neurectoderm	http://purl.obolibrary.org/obo/GO_0006915	apoptotic process	http://purl.obolibrary.org/obo/XAO_0005241	superficial layer of neurectoderm
http://purl.obolibrary.org/obo/XPO_0137333	decreased apoptosis in suprablastoporal endoderm	http://purl.obolibrary.org/obo/GO_0006915	apoptotic process	http://purl.obolibrary.org/obo/XAO_0004067	suprablastoporal endoderm
http://purl.obolibrary.org/obo/XPO_0137338	decreased apoptosis in suprachiasmatic nucleus	http://purl.obolibrary.org/obo/GO_0006915	apoptotic process	http://purl.obolibrary.org/obo/XAO_0004072	suprachiasmatic nucleus
http://purl.obolibrary.org/obo/XPO_0137924	decreased apoptosis in supraoptoparaventricular region	http://purl.obolibrary.org/obo/GO_0006915	apoptotic process	http://purl.obolibrary.org/obo/XAO_0005056	supraoptoparaventricular region
http://purl.obolibrary.org/obo/XPO_0136978	decreased apoptosis in supraorbital lateral line	http://purl.obolibrary.org/obo/GO_0006915	apoptotic process	http://purl.obolibrary.org/obo/XAO_0000442	supraorbital lateral line
http://purl.obolibrary.org/obo/XPO_0137639	decreased apoptosis in suprarostral plate	http://purl.obolibrary.org/obo/GO_0006915	apoptotic process	http://purl.obolibrary.org/obo/XAO_0004380	suprarostral plate
http://purl.obolibrary.org/obo/XPO_0137048	decreased apoptosis in surface structure	http://purl.obolibrary.org/obo/GO_0006915	apoptotic process	http://purl.obolibrary.org/obo/XAO_0003028	surface structure
http://purl.obolibrary.org/obo/XPO_0137093	decreased apoptosis in suspensorium	http://purl.obolibrary.org/obo/GO_0006915	apoptotic process	http://purl.obolibrary.org/obo/XAO_0003086	suspensorium
http://purl.obolibrary.org/obo/XPO_0136798	decreased apoptosis in sympathetic chain	http://purl.obolibrary.org/obo/GO_0006915	apoptotic process	http://purl.obolibrary.org/obo/XAO_0000211	sympathetic chain
http://purl.obolibrary.org/obo/XPO_0137046	decreased apoptosis in tail	http://purl.obolibrary.org/obo/GO_0006915	apoptotic process	http://purl.obolibrary.org/obo/XAO_0003026	tail
http://purl.obolibrary.org/obo/XPO_0136706	decreased apoptosis in tail bud	http://purl.obolibrary.org/obo/GO_0006915	apoptotic process	http://purl.obolibrary.org/obo/XAO_0000107	tail bud
http://purl.obolibrary.org/obo/XPO_0137328	decreased apoptosis in tail fin	http://purl.obolibrary.org/obo/GO_0006915	apoptotic process	http://purl.obolibrary.org/obo/XAO_0004062	tail fin
http://purl.obolibrary.org/obo/XPO_0136688	decreased apoptosis in tail region	http://purl.obolibrary.org/obo/GO_0006915	apoptotic process	http://purl.obolibrary.org/obo/XAO_0000087	tail region
http://purl.obolibrary.org/obo/XPO_0137148	decreased apoptosis in tail somite	http://purl.obolibrary.org/obo/GO_0006915	apoptotic process	http://purl.obolibrary.org/obo/XAO_0003143	tail somite
http://purl.obolibrary.org/obo/XPO_0136966	decreased apoptosis in tail somite 14	http://purl.obolibrary.org/obo/GO_0006915	apoptotic process	http://purl.obolibrary.org/obo/XAO_0000422	tail somite 14
http://purl.obolibrary.org/obo/XPO_0136967	decreased apoptosis in tail somite 15	http://purl.obolibrary.org/obo/GO_0006915	apoptotic process	http://purl.obolibrary.org/obo/XAO_0000423	tail somite 15
http://purl.obolibrary.org/obo/XPO_0136968	decreased apoptosis in tail somite 16	http://purl.obolibrary.org/obo/GO_0006915	apoptotic process	http://purl.obolibrary.org/obo/XAO_0000424	tail somite 16
http://purl.obolibrary.org/obo/XPO_0136969	decreased apoptosis in tail somite 17	http://purl.obolibrary.org/obo/GO_0006915	apoptotic process	http://purl.obolibrary.org/obo/XAO_0000425	tail somite 17
http://purl.obolibrary.org/obo/XPO_0137781	decreased apoptosis in tail somite 18	http://purl.obolibrary.org/obo/GO_0006915	apoptotic process	http://purl.obolibrary.org/obo/XAO_0004528	tail somite 18
http://purl.obolibrary.org/obo/XPO_0137323	decreased apoptosis in tail tip	http://purl.obolibrary.org/obo/GO_0006915	apoptotic process	http://purl.obolibrary.org/obo/XAO_0004057	tail tip
http://purl.obolibrary.org/obo/XPO_0137416	decreased apoptosis in tail vasculature	http://purl.obolibrary.org/obo/GO_0006915	apoptotic process	http://purl.obolibrary.org/obo/XAO_0004151	tail vasculature
http://purl.obolibrary.org/obo/XPO_0136941	decreased apoptosis in tail vein	http://purl.obolibrary.org/obo/GO_0006915	apoptotic process	http://purl.obolibrary.org/obo/XAO_0000393	tail vein
http://purl.obolibrary.org/obo/XPO_0137208	decreased apoptosis in tarsus	http://purl.obolibrary.org/obo/GO_0006915	apoptotic process	http://purl.obolibrary.org/obo/XAO_0003211	tarsus
http://purl.obolibrary.org/obo/XPO_0136981	decreased apoptosis in taste bud	http://purl.obolibrary.org/obo/GO_0006915	apoptotic process	http://purl.obolibrary.org/obo/XAO_0000445	taste bud
http://purl.obolibrary.org/obo/XPO_0136619	decreased apoptosis in telencephalon	http://purl.obolibrary.org/obo/GO_0006915	apoptotic process	http://purl.obolibrary.org/obo/XAO_0000012	telencephalon
http://purl.obolibrary.org/obo/XPO_0136764	decreased apoptosis in tendon	http://purl.obolibrary.org/obo/GO_0006915	apoptotic process	http://purl.obolibrary.org/obo/XAO_0000173	tendon
http://purl.obolibrary.org/obo/XPO_0136946	decreased apoptosis in tendon fibroblast	http://purl.obolibrary.org/obo/GO_0006915	apoptotic process	http://purl.obolibrary.org/obo/XAO_0000399	tendon fibroblast
http://purl.obolibrary.org/obo/XPO_0136749	decreased apoptosis in testis	http://purl.obolibrary.org/obo/GO_0006915	apoptotic process	http://purl.obolibrary.org/obo/XAO_0000157	testis
http://purl.obolibrary.org/obo/XPO_0137569	decreased apoptosis in thalamus	http://purl.obolibrary.org/obo/GO_0006915	apoptotic process	http://purl.obolibrary.org/obo/XAO_0004306	thalamus
http://purl.obolibrary.org/obo/XPO_0138029	decreased apoptosis in thoracic region	http://purl.obolibrary.org/obo/GO_0006915	apoptotic process	http://purl.obolibrary.org/obo/XAO_0005163	thoracic region
http://purl.obolibrary.org/obo/XPO_0138112	decreased apoptosis in thrombocyte	http://purl.obolibrary.org/obo/GO_0006915	apoptotic process	http://purl.obolibrary.org/obo/XAO_0005266	thrombocyte
http://purl.obolibrary.org/obo/XPO_0137163	decreased apoptosis in thymocyte	http://purl.obolibrary.org/obo/GO_0006915	apoptotic process	http://purl.obolibrary.org/obo/XAO_0003159	thymocyte
http://purl.obolibrary.org/obo/XPO_0136754	decreased apoptosis in thymus	http://purl.obolibrary.org/obo/GO_0006915	apoptotic process	http://purl.obolibrary.org/obo/XAO_0000163	thymus
http://purl.obolibrary.org/obo/XPO_0136753	decreased apoptosis in thyroid	http://purl.obolibrary.org/obo/GO_0006915	apoptotic process	http://purl.obolibrary.org/obo/XAO_0000162	thyroid
http://purl.obolibrary.org/obo/XPO_0136980	decreased apoptosis in thyroid primordium	http://purl.obolibrary.org/obo/GO_0006915	apoptotic process	http://purl.obolibrary.org/obo/XAO_0000444	thyroid primordium
http://purl.obolibrary.org/obo/XPO_0137210	decreased apoptosis in tibia-fibula	http://purl.obolibrary.org/obo/GO_0006915	apoptotic process	http://purl.obolibrary.org/obo/XAO_0003213	tibia-fibula
http://purl.obolibrary.org/obo/XPO_0137058	decreased apoptosis in tissue	http://purl.obolibrary.org/obo/GO_0006915	apoptotic process	http://purl.obolibrary.org/obo/XAO_0003040	tissue
http://purl.obolibrary.org/obo/XPO_0136982	decreased apoptosis in tongue	http://purl.obolibrary.org/obo/GO_0006915	apoptotic process	http://purl.obolibrary.org/obo/XAO_0000446	tongue
http://purl.obolibrary.org/obo/XPO_0136975	decreased apoptosis in tooth	http://purl.obolibrary.org/obo/GO_0006915	apoptotic process	http://purl.obolibrary.org/obo/XAO_0000431	tooth
http://purl.obolibrary.org/obo/XPO_0137838	decreased apoptosis in torus semicircularis	http://purl.obolibrary.org/obo/GO_0006915	apoptotic process	http://purl.obolibrary.org/obo/XAO_0004590	torus semicircularis
http://purl.obolibrary.org/obo/XPO_0137725	decreased apoptosis in trabecula	http://purl.obolibrary.org/obo/GO_0006915	apoptotic process	http://purl.obolibrary.org/obo/XAO_0004469	trabecula
http://purl.obolibrary.org/obo/XPO_0137726	decreased apoptosis in trabecula carnea	http://purl.obolibrary.org/obo/GO_0006915	apoptotic process	http://purl.obolibrary.org/obo/XAO_0004470	trabecula carnea
http://purl.obolibrary.org/obo/XPO_0137640	decreased apoptosis in trabecula cranii	http://purl.obolibrary.org/obo/GO_0006915	apoptotic process	http://purl.obolibrary.org/obo/XAO_0004381	trabecula cranii
http://purl.obolibrary.org/obo/XPO_0136716	decreased apoptosis in trachea	http://purl.obolibrary.org/obo/GO_0006915	apoptotic process	http://purl.obolibrary.org/obo/XAO_0000118	trachea
http://purl.obolibrary.org/obo/XPO_0138136	decreased apoptosis in tracheal epithelium	http://purl.obolibrary.org/obo/GO_0006915	apoptotic process	http://purl.obolibrary.org/obo/XAO_0005298	tracheal epithelium
http://purl.obolibrary.org/obo/XPO_0137489	decreased apoptosis in transporting epithelium	http://purl.obolibrary.org/obo/GO_0006915	apoptotic process	http://purl.obolibrary.org/obo/XAO_0004224	transporting epithelium
http://purl.obolibrary.org/obo/XPO_0137107	decreased apoptosis in transverse process	http://purl.obolibrary.org/obo/GO_0006915	apoptotic process	http://purl.obolibrary.org/obo/XAO_0003102	transverse process
http://purl.obolibrary.org/obo/XPO_0136972	decreased apoptosis in trigeminal ganglion	http://purl.obolibrary.org/obo/GO_0006915	apoptotic process	http://purl.obolibrary.org/obo/XAO_0000428	trigeminal ganglion
http://purl.obolibrary.org/obo/XPO_0137098	decreased apoptosis in trigeminal nerve	http://purl.obolibrary.org/obo/GO_0006915	apoptotic process	http://purl.obolibrary.org/obo/XAO_0003092	trigeminal nerve
http://purl.obolibrary.org/obo/XPO_0136807	decreased apoptosis in trigeminal placode	http://purl.obolibrary.org/obo/GO_0006915	apoptotic process	http://purl.obolibrary.org/obo/XAO_0000225	trigeminal placode
http://purl.obolibrary.org/obo/XPO_0137647	decreased apoptosis in trochlear motornucleus	http://purl.obolibrary.org/obo/GO_0006915	apoptotic process	http://purl.obolibrary.org/obo/XAO_0004391	trochlear motornucleus
http://purl.obolibrary.org/obo/XPO_0137097	decreased apoptosis in trochlear nerve	http://purl.obolibrary.org/obo/GO_0006915	apoptotic process	http://purl.obolibrary.org/obo/XAO_0003091	trochlear nerve
http://purl.obolibrary.org/obo/XPO_0137498	decreased apoptosis in truncus arteriosus	http://purl.obolibrary.org/obo/GO_0006915	apoptotic process	http://purl.obolibrary.org/obo/XAO_0004233	truncus arteriosus
http://purl.obolibrary.org/obo/XPO_0137045	decreased apoptosis in trunk	http://purl.obolibrary.org/obo/GO_0006915	apoptotic process	http://purl.obolibrary.org/obo/XAO_0003025	trunk
http://purl.obolibrary.org/obo/XPO_0136979	decreased apoptosis in trunk lateral line	http://purl.obolibrary.org/obo/GO_0006915	apoptotic process	http://purl.obolibrary.org/obo/XAO_0000443	trunk lateral line
http://purl.obolibrary.org/obo/XPO_0137227	decreased apoptosis in trunk musculature	http://purl.obolibrary.org/obo/GO_0006915	apoptotic process	http://purl.obolibrary.org/obo/XAO_0003230	trunk musculature
http://purl.obolibrary.org/obo/XPO_0136881	decreased apoptosis in trunk neural crest	http://purl.obolibrary.org/obo/GO_0006915	apoptotic process	http://purl.obolibrary.org/obo/XAO_0000319	trunk neural crest
http://purl.obolibrary.org/obo/XPO_0136995	decreased apoptosis in trunk placode	http://purl.obolibrary.org/obo/GO_0006915	apoptotic process	http://purl.obolibrary.org/obo/XAO_0000461	trunk placode
http://purl.obolibrary.org/obo/XPO_0136659	decreased apoptosis in trunk region	http://purl.obolibrary.org/obo/GO_0006915	apoptotic process	http://purl.obolibrary.org/obo/XAO_0000054	trunk region
http://purl.obolibrary.org/obo/XPO_0136877	decreased apoptosis in trunk somite	http://purl.obolibrary.org/obo/GO_0006915	apoptotic process	http://purl.obolibrary.org/obo/XAO_0000314	trunk somite
http://purl.obolibrary.org/obo/XPO_0136951	decreased apoptosis in trunk somite 1	http://purl.obolibrary.org/obo/GO_0006915	apoptotic process	http://purl.obolibrary.org/obo/XAO_0000406	trunk somite 1
http://purl.obolibrary.org/obo/XPO_0136962	decreased apoptosis in trunk somite 10	http://purl.obolibrary.org/obo/GO_0006915	apoptotic process	http://purl.obolibrary.org/obo/XAO_0000418	trunk somite 10
http://purl.obolibrary.org/obo/XPO_0136963	decreased apoptosis in trunk somite 11	http://purl.obolibrary.org/obo/GO_0006915	apoptotic process	http://purl.obolibrary.org/obo/XAO_0000419	trunk somite 11
http://purl.obolibrary.org/obo/XPO_0136964	decreased apoptosis in trunk somite 12	http://purl.obolibrary.org/obo/GO_0006915	apoptotic process	http://purl.obolibrary.org/obo/XAO_0000420	trunk somite 12
http://purl.obolibrary.org/obo/XPO_0136965	decreased apoptosis in trunk somite 13	http://purl.obolibrary.org/obo/GO_0006915	apoptotic process	http://purl.obolibrary.org/obo/XAO_0000421	trunk somite 13
http://purl.obolibrary.org/obo/XPO_0136952	decreased apoptosis in trunk somite 2	http://purl.obolibrary.org/obo/GO_0006915	apoptotic process	http://purl.obolibrary.org/obo/XAO_0000407	trunk somite 2
http://purl.obolibrary.org/obo/XPO_0136953	decreased apoptosis in trunk somite 3	http://purl.obolibrary.org/obo/GO_0006915	apoptotic process	http://purl.obolibrary.org/obo/XAO_0000408	trunk somite 3
http://purl.obolibrary.org/obo/XPO_0136954	decreased apoptosis in trunk somite 4	http://purl.obolibrary.org/obo/GO_0006915	apoptotic process	http://purl.obolibrary.org/obo/XAO_0000409	trunk somite 4
http://purl.obolibrary.org/obo/XPO_0136955	decreased apoptosis in trunk somite 5	http://purl.obolibrary.org/obo/GO_0006915	apoptotic process	http://purl.obolibrary.org/obo/XAO_0000410	trunk somite 5
http://purl.obolibrary.org/obo/XPO_0136956	decreased apoptosis in trunk somite 6	http://purl.obolibrary.org/obo/GO_0006915	apoptotic process	http://purl.obolibrary.org/obo/XAO_0000411	trunk somite 6
http://purl.obolibrary.org/obo/XPO_0136957	decreased apoptosis in trunk somite 7	http://purl.obolibrary.org/obo/GO_0006915	apoptotic process	http://purl.obolibrary.org/obo/XAO_0000412	trunk somite 7
http://purl.obolibrary.org/obo/XPO_0136960	decreased apoptosis in trunk somite 8	http://purl.obolibrary.org/obo/GO_0006915	apoptotic process	http://purl.obolibrary.org/obo/XAO_0000416	trunk somite 8
http://purl.obolibrary.org/obo/XPO_0136961	decreased apoptosis in trunk somite 9	http://purl.obolibrary.org/obo/GO_0006915	apoptotic process	http://purl.obolibrary.org/obo/XAO_0000417	trunk somite 9
http://purl.obolibrary.org/obo/XPO_0137679	decreased apoptosis in trunk vasculature	http://purl.obolibrary.org/obo/GO_0006915	apoptotic process	http://purl.obolibrary.org/obo/XAO_0004423	trunk vasculature
http://purl.obolibrary.org/obo/XPO_0137851	decreased apoptosis in tuberal region	http://purl.obolibrary.org/obo/GO_0006915	apoptotic process	http://purl.obolibrary.org/obo/XAO_0004606	tuberal region
http://purl.obolibrary.org/obo/XPO_0138019	decreased apoptosis in tympanic annulus	http://purl.obolibrary.org/obo/GO_0006915	apoptotic process	http://purl.obolibrary.org/obo/XAO_0005153	tympanic annulus
http://purl.obolibrary.org/obo/XPO_0136780	decreased apoptosis in tympanic disk	http://purl.obolibrary.org/obo/GO_0006915	apoptotic process	http://purl.obolibrary.org/obo/XAO_0000190	tympanic disk
http://purl.obolibrary.org/obo/XPO_0137935	decreased apoptosis in typhlosole	http://purl.obolibrary.org/obo/GO_0006915	apoptotic process	http://purl.obolibrary.org/obo/XAO_0005067	typhlosole
http://purl.obolibrary.org/obo/XPO_0136987	decreased apoptosis in ultimobranchial body	http://purl.obolibrary.org/obo/GO_0006915	apoptotic process	http://purl.obolibrary.org/obo/XAO_0000452	ultimobranchial body
http://purl.obolibrary.org/obo/XPO_0137002	decreased apoptosis in unicellular gland	http://purl.obolibrary.org/obo/GO_0006915	apoptotic process	http://purl.obolibrary.org/obo/XAO_0000470	unicellular gland
http://purl.obolibrary.org/obo/XPO_0137273	decreased apoptosis in unilaminar epithelium	http://purl.obolibrary.org/obo/GO_0006915	apoptotic process	http://purl.obolibrary.org/obo/XAO_0004007	unilaminar epithelium
http://purl.obolibrary.org/obo/XPO_0136689	decreased apoptosis in upper blastopore lip	http://purl.obolibrary.org/obo/GO_0006915	apoptotic process	http://purl.obolibrary.org/obo/XAO_0000088	upper blastopore lip
http://purl.obolibrary.org/obo/XPO_0137094	decreased apoptosis in upper jaw	http://purl.obolibrary.org/obo/GO_0006915	apoptotic process	http://purl.obolibrary.org/obo/XAO_0003087	upper jaw
http://purl.obolibrary.org/obo/XPO_0136741	decreased apoptosis in ureter	http://purl.obolibrary.org/obo/GO_0006915	apoptotic process	http://purl.obolibrary.org/obo/XAO_0000144	ureter
http://purl.obolibrary.org/obo/XPO_0136745	decreased apoptosis in urethra	http://purl.obolibrary.org/obo/GO_0006915	apoptotic process	http://purl.obolibrary.org/obo/XAO_0000153	urethra
http://purl.obolibrary.org/obo/XPO_0136740	decreased apoptosis in urinary system	http://purl.obolibrary.org/obo/GO_0006915	apoptotic process	http://purl.obolibrary.org/obo/XAO_0000143	urinary system
http://purl.obolibrary.org/obo/XPO_0136737	decreased apoptosis in urogenital system	http://purl.obolibrary.org/obo/GO_0006915	apoptotic process	http://purl.obolibrary.org/obo/XAO_0000140	urogenital system
http://purl.obolibrary.org/obo/XPO_0137088	decreased apoptosis in urostyle	http://purl.obolibrary.org/obo/GO_0006915	apoptotic process	http://purl.obolibrary.org/obo/XAO_0003080	urostyle
http://purl.obolibrary.org/obo/XPO_0136784	decreased apoptosis in utricle	http://purl.obolibrary.org/obo/GO_0006915	apoptotic process	http://purl.obolibrary.org/obo/XAO_0000195	utricle
http://purl.obolibrary.org/obo/XPO_0137782	decreased apoptosis in uveal tract	http://purl.obolibrary.org/obo/GO_0006915	apoptotic process	http://purl.obolibrary.org/obo/XAO_0004529	uveal tract
http://purl.obolibrary.org/obo/XPO_0137320	decreased apoptosis in vacuolated notochordal tissue	http://purl.obolibrary.org/obo/GO_0006915	apoptotic process	http://purl.obolibrary.org/obo/XAO_0004054	vacuolated notochordal tissue
http://purl.obolibrary.org/obo/XPO_0137478	decreased apoptosis in vagal epibranchial placode	http://purl.obolibrary.org/obo/GO_0006915	apoptotic process	http://purl.obolibrary.org/obo/XAO_0004213	vagal epibranchial placode
http://purl.obolibrary.org/obo/XPO_0137456	decreased apoptosis in vagal neural crest	http://purl.obolibrary.org/obo/GO_0006915	apoptotic process	http://purl.obolibrary.org/obo/XAO_0004191	vagal neural crest
http://purl.obolibrary.org/obo/XPO_0137103	decreased apoptosis in vagus nerve	http://purl.obolibrary.org/obo/GO_0006915	apoptotic process	http://purl.obolibrary.org/obo/XAO_0003097	vagus nerve
http://purl.obolibrary.org/obo/XPO_0136909	decreased apoptosis in vascular endothelium	http://purl.obolibrary.org/obo/GO_0006915	apoptotic process	http://purl.obolibrary.org/obo/XAO_0000356	vascular endothelium
http://purl.obolibrary.org/obo/XPO_0137408	decreased apoptosis in vascular plexus	http://purl.obolibrary.org/obo/GO_0006915	apoptotic process	http://purl.obolibrary.org/obo/XAO_0004143	vascular plexus
http://purl.obolibrary.org/obo/XPO_0136857	decreased apoptosis in vegetal blastomere	http://purl.obolibrary.org/obo/GO_0006915	apoptotic process	http://purl.obolibrary.org/obo/XAO_0000279	vegetal blastomere
http://purl.obolibrary.org/obo/XPO_0137332	decreased apoptosis in vegetal endoderm	http://purl.obolibrary.org/obo/GO_0006915	apoptotic process	http://purl.obolibrary.org/obo/XAO_0004066	vegetal endoderm
http://purl.obolibrary.org/obo/XPO_0136858	decreased apoptosis in vegetal hemisphere	http://purl.obolibrary.org/obo/GO_0006915	apoptotic process	http://purl.obolibrary.org/obo/XAO_0000280	vegetal hemisphere
http://purl.obolibrary.org/obo/XPO_0136806	decreased apoptosis in vegetal part, early involuting	http://purl.obolibrary.org/obo/GO_0006915	apoptotic process	http://purl.obolibrary.org/obo/XAO_0000224	vegetal part, early involuting
http://purl.obolibrary.org/obo/XPO_0137378	decreased apoptosis in vegetal pole	http://purl.obolibrary.org/obo/GO_0006915	apoptotic process	http://purl.obolibrary.org/obo/XAO_0004113	vegetal pole
http://purl.obolibrary.org/obo/XPO_0136859	decreased apoptosis in vegetal yolk mass	http://purl.obolibrary.org/obo/GO_0006915	apoptotic process	http://purl.obolibrary.org/obo/XAO_0000281	vegetal yolk mass
http://purl.obolibrary.org/obo/XPO_0136713	decreased apoptosis in vein	http://purl.obolibrary.org/obo/GO_0006915	apoptotic process	http://purl.obolibrary.org/obo/XAO_0000115	vein
http://purl.obolibrary.org/obo/XPO_0137436	decreased apoptosis in vena capitis lateralis	http://purl.obolibrary.org/obo/GO_0006915	apoptotic process	http://purl.obolibrary.org/obo/XAO_0004171	vena capitis lateralis
http://purl.obolibrary.org/obo/XPO_0137435	decreased apoptosis in vena capitis medialis	http://purl.obolibrary.org/obo/GO_0006915	apoptotic process	http://purl.obolibrary.org/obo/XAO_0004170	vena capitis medialis
http://purl.obolibrary.org/obo/XPO_0136911	decreased apoptosis in venous endothelium	http://purl.obolibrary.org/obo/GO_0006915	apoptotic process	http://purl.obolibrary.org/obo/XAO_0000358	venous endothelium
http://purl.obolibrary.org/obo/XPO_0137521	decreased apoptosis in ventral abdominal vein	http://purl.obolibrary.org/obo/GO_0006915	apoptotic process	http://purl.obolibrary.org/obo/XAO_0004256	ventral abdominal vein
http://purl.obolibrary.org/obo/XPO_0137982	decreased apoptosis in ventral animal hemisphere blastomere	http://purl.obolibrary.org/obo/GO_0006915	apoptotic process	http://purl.obolibrary.org/obo/XAO_0005115	ventral animal hemisphere blastomere
http://purl.obolibrary.org/obo/XPO_0136896	decreased apoptosis in ventral aorta	http://purl.obolibrary.org/obo/GO_0006915	apoptotic process	http://purl.obolibrary.org/obo/XAO_0000338	ventral aorta
http://purl.obolibrary.org/obo/XPO_0136669	decreased apoptosis in ventral blood island	http://purl.obolibrary.org/obo/GO_0006915	apoptotic process	http://purl.obolibrary.org/obo/XAO_0000067	ventral blood island
http://purl.obolibrary.org/obo/XPO_0137868	decreased apoptosis in ventral blood island border	http://purl.obolibrary.org/obo/GO_0006915	apoptotic process	http://purl.obolibrary.org/obo/XAO_0004627	ventral blood island border
http://purl.obolibrary.org/obo/XPO_0137527	decreased apoptosis in ventral caudal lymphatic vessel	http://purl.obolibrary.org/obo/GO_0006915	apoptotic process	http://purl.obolibrary.org/obo/XAO_0004262	ventral caudal lymphatic vessel
http://purl.obolibrary.org/obo/XPO_0138139	decreased apoptosis in ventral endoderm	http://purl.obolibrary.org/obo/GO_0006915	apoptotic process	http://purl.obolibrary.org/obo/XAO_0005301	ventral endoderm
http://purl.obolibrary.org/obo/XPO_0138143	decreased apoptosis in ventral endomesoderm	http://purl.obolibrary.org/obo/GO_0006915	apoptotic process	http://purl.obolibrary.org/obo/XAO_0005305	ventral endomesoderm
http://purl.obolibrary.org/obo/XPO_0137331	decreased apoptosis in ventral fin margin	http://purl.obolibrary.org/obo/GO_0006915	apoptotic process	http://purl.obolibrary.org/obo/XAO_0004065	ventral fin margin
http://purl.obolibrary.org/obo/XPO_0137867	decreased apoptosis in ventral fin vasculature	http://purl.obolibrary.org/obo/GO_0006915	apoptotic process	http://purl.obolibrary.org/obo/XAO_0004626	ventral fin vasculature
http://purl.obolibrary.org/obo/XPO_0137992	decreased apoptosis in ventral foregut	http://purl.obolibrary.org/obo/GO_0006915	apoptotic process	http://purl.obolibrary.org/obo/XAO_0005125	ventral foregut
http://purl.obolibrary.org/obo/XPO_0137788	decreased apoptosis in ventral funiculus	http://purl.obolibrary.org/obo/GO_0006915	apoptotic process	http://purl.obolibrary.org/obo/XAO_0004535	ventral funiculus
http://purl.obolibrary.org/obo/XPO_0137839	decreased apoptosis in ventral habenular nucleus	http://purl.obolibrary.org/obo/GO_0006915	apoptotic process	http://purl.obolibrary.org/obo/XAO_0004591	ventral habenular nucleus
http://purl.obolibrary.org/obo/XPO_0137181	decreased apoptosis in ventral hyoid arch skeleton	http://purl.obolibrary.org/obo/GO_0006915	apoptotic process	http://purl.obolibrary.org/obo/XAO_0003179	ventral hyoid arch skeleton
http://purl.obolibrary.org/obo/XPO_0137840	decreased apoptosis in ventral hypothalamic nucleus	http://purl.obolibrary.org/obo/GO_0006915	apoptotic process	http://purl.obolibrary.org/obo/XAO_0004592	ventral hypothalamic nucleus
http://purl.obolibrary.org/obo/XPO_0136998	decreased apoptosis in ventral lateral line	http://purl.obolibrary.org/obo/GO_0006915	apoptotic process	http://purl.obolibrary.org/obo/XAO_0000464	ventral lateral line
http://purl.obolibrary.org/obo/XPO_0136671	decreased apoptosis in ventral marginal zone	http://purl.obolibrary.org/obo/GO_0006915	apoptotic process	http://purl.obolibrary.org/obo/XAO_0000069	ventral marginal zone
http://purl.obolibrary.org/obo/XPO_0137729	decreased apoptosis in ventral mesoderm	http://purl.obolibrary.org/obo/GO_0006915	apoptotic process	http://purl.obolibrary.org/obo/XAO_0004473	ventral mesoderm
http://purl.obolibrary.org/obo/XPO_0137841	decreased apoptosis in ventral pallidum	http://purl.obolibrary.org/obo/GO_0006915	apoptotic process	http://purl.obolibrary.org/obo/XAO_0004593	ventral pallidum
http://purl.obolibrary.org/obo/XPO_0137842	decreased apoptosis in ventral pallium	http://purl.obolibrary.org/obo/GO_0006915	apoptotic process	http://purl.obolibrary.org/obo/XAO_0004594	ventral pallium
http://purl.obolibrary.org/obo/XPO_0137023	decreased apoptosis in ventral pancreatic bud	http://purl.obolibrary.org/obo/GO_0006915	apoptotic process	http://purl.obolibrary.org/obo/XAO_0001103	ventral pancreatic bud
http://purl.obolibrary.org/obo/XPO_0138101	decreased apoptosis in ventral posterior hindgut endoderm	http://purl.obolibrary.org/obo/GO_0006915	apoptotic process	http://purl.obolibrary.org/obo/XAO_0005249	ventral posterior hindgut endoderm
http://purl.obolibrary.org/obo/XPO_0138072	decreased apoptosis in ventral region	http://purl.obolibrary.org/obo/GO_0006915	apoptotic process	http://purl.obolibrary.org/obo/XAO_0005219	ventral region
http://purl.obolibrary.org/obo/XPO_0137923	decreased apoptosis in ventral septum	http://purl.obolibrary.org/obo/GO_0006915	apoptotic process	http://purl.obolibrary.org/obo/XAO_0005055	ventral septum
http://purl.obolibrary.org/obo/XPO_0137330	decreased apoptosis in ventral tail fin	http://purl.obolibrary.org/obo/GO_0006915	apoptotic process	http://purl.obolibrary.org/obo/XAO_0004064	ventral tail fin
http://purl.obolibrary.org/obo/XPO_0137491	decreased apoptosis in ventral tegmentum	http://purl.obolibrary.org/obo/GO_0006915	apoptotic process	http://purl.obolibrary.org/obo/XAO_0004226	ventral tegmentum
http://purl.obolibrary.org/obo/XPO_0138106	decreased apoptosis in ventral trunk	http://purl.obolibrary.org/obo/GO_0006915	apoptotic process	http://purl.obolibrary.org/obo/XAO_0005260	ventral trunk
http://purl.obolibrary.org/obo/XPO_0137981	decreased apoptosis in ventral vegetal hemisphere blastomere	http://purl.obolibrary.org/obo/GO_0006915	apoptotic process	http://purl.obolibrary.org/obo/XAO_0005114	ventral vegetal hemisphere blastomere
http://purl.obolibrary.org/obo/XPO_0137896	decreased apoptosis in ventricular layer of the optic tectum	http://purl.obolibrary.org/obo/GO_0006915	apoptotic process	http://purl.obolibrary.org/obo/XAO_0005028	ventricular layer of the optic tectum
http://purl.obolibrary.org/obo/XPO_0137405	decreased apoptosis in ventricular outflow tract	http://purl.obolibrary.org/obo/GO_0006915	apoptotic process	http://purl.obolibrary.org/obo/XAO_0004140	ventricular outflow tract
http://purl.obolibrary.org/obo/XPO_0136627	decreased apoptosis in ventricular zone	http://purl.obolibrary.org/obo/GO_0006915	apoptotic process	http://purl.obolibrary.org/obo/XAO_0000021	ventricular zone
http://purl.obolibrary.org/obo/XPO_0136672	decreased apoptosis in ventro-lateral marginal zone	http://purl.obolibrary.org/obo/GO_0006915	apoptotic process	http://purl.obolibrary.org/obo/XAO_0000070	ventro-lateral marginal zone
http://purl.obolibrary.org/obo/XPO_0138118	decreased apoptosis in ventro-lateral region	http://purl.obolibrary.org/obo/GO_0006915	apoptotic process	http://purl.obolibrary.org/obo/XAO_0005280	ventro-lateral region
http://purl.obolibrary.org/obo/XPO_0137947	decreased apoptosis in ventrolateral edge of myotome	http://purl.obolibrary.org/obo/GO_0006915	apoptotic process	http://purl.obolibrary.org/obo/XAO_0005079	ventrolateral edge of myotome
http://purl.obolibrary.org/obo/XPO_0137857	decreased apoptosis in ventrolateral neural tube	http://purl.obolibrary.org/obo/GO_0006915	apoptotic process	http://purl.obolibrary.org/obo/XAO_0004616	ventrolateral neural tube
http://purl.obolibrary.org/obo/XPO_0137843	decreased apoptosis in ventrolateral thalamic nucleus	http://purl.obolibrary.org/obo/GO_0006915	apoptotic process	http://purl.obolibrary.org/obo/XAO_0004595	ventrolateral thalamic nucleus
http://purl.obolibrary.org/obo/XPO_0137844	decreased apoptosis in ventromedial thalamic nucleus	http://purl.obolibrary.org/obo/GO_0006915	apoptotic process	http://purl.obolibrary.org/obo/XAO_0004596	ventromedial thalamic nucleus
http://purl.obolibrary.org/obo/XPO_0137285	decreased apoptosis in vertebra	http://purl.obolibrary.org/obo/GO_0006915	apoptotic process	http://purl.obolibrary.org/obo/XAO_0004019	vertebra
http://purl.obolibrary.org/obo/XPO_0137512	decreased apoptosis in vertebral artery	http://purl.obolibrary.org/obo/GO_0006915	apoptotic process	http://purl.obolibrary.org/obo/XAO_0004247	vertebral artery
http://purl.obolibrary.org/obo/XPO_0137551	decreased apoptosis in vertebral centrum	http://purl.obolibrary.org/obo/GO_0006915	apoptotic process	http://purl.obolibrary.org/obo/XAO_0004287	vertebral centrum
http://purl.obolibrary.org/obo/XPO_0137082	decreased apoptosis in vertebral column	http://purl.obolibrary.org/obo/GO_0006915	apoptotic process	http://purl.obolibrary.org/obo/XAO_0003074	vertebral column
http://purl.obolibrary.org/obo/XPO_0137552	decreased apoptosis in vertebral element	http://purl.obolibrary.org/obo/GO_0006915	apoptotic process	http://purl.obolibrary.org/obo/XAO_0004288	vertebral element
http://purl.obolibrary.org/obo/XPO_0137410	decreased apoptosis in vestibular apparatus	http://purl.obolibrary.org/obo/GO_0006915	apoptotic process	http://purl.obolibrary.org/obo/XAO_0004145	vestibular apparatus
http://purl.obolibrary.org/obo/XPO_0136788	decreased apoptosis in vestibule	http://purl.obolibrary.org/obo/GO_0006915	apoptotic process	http://purl.obolibrary.org/obo/XAO_0000199	vestibule
http://purl.obolibrary.org/obo/XPO_0137192	decreased apoptosis in vestibuloauditory system	http://purl.obolibrary.org/obo/GO_0006915	apoptotic process	http://purl.obolibrary.org/obo/XAO_0003195	vestibuloauditory system
http://purl.obolibrary.org/obo/XPO_0137407	decreased apoptosis in vestibulocochlear ganglion	http://purl.obolibrary.org/obo/GO_0006915	apoptotic process	http://purl.obolibrary.org/obo/XAO_0004142	vestibulocochlear ganglion
http://purl.obolibrary.org/obo/XPO_0137101	decreased apoptosis in vestibulocochlear nerve	http://purl.obolibrary.org/obo/GO_0006915	apoptotic process	http://purl.obolibrary.org/obo/XAO_0003095	vestibulocochlear nerve
http://purl.obolibrary.org/obo/XPO_0136860	decreased apoptosis in visceral pouch	http://purl.obolibrary.org/obo/GO_0006915	apoptotic process	http://purl.obolibrary.org/obo/XAO_0000282	visceral pouch
http://purl.obolibrary.org/obo/XPO_0136702	decreased apoptosis in visceral pouch 1	http://purl.obolibrary.org/obo/GO_0006915	apoptotic process	http://purl.obolibrary.org/obo/XAO_0000102	visceral pouch 1
http://purl.obolibrary.org/obo/XPO_0136828	decreased apoptosis in visceral pouch 2	http://purl.obolibrary.org/obo/GO_0006915	apoptotic process	http://purl.obolibrary.org/obo/XAO_0000247	visceral pouch 2
http://purl.obolibrary.org/obo/XPO_0136832	decreased apoptosis in visceral pouch 3	http://purl.obolibrary.org/obo/GO_0006915	apoptotic process	http://purl.obolibrary.org/obo/XAO_0000251	visceral pouch 3
http://purl.obolibrary.org/obo/XPO_0136834	decreased apoptosis in visceral pouch 4	http://purl.obolibrary.org/obo/GO_0006915	apoptotic process	http://purl.obolibrary.org/obo/XAO_0000254	visceral pouch 4
http://purl.obolibrary.org/obo/XPO_0136835	decreased apoptosis in visceral pouch 5	http://purl.obolibrary.org/obo/GO_0006915	apoptotic process	http://purl.obolibrary.org/obo/XAO_0000255	visceral pouch 5
http://purl.obolibrary.org/obo/XPO_0136845	decreased apoptosis in visceral pouch 6	http://purl.obolibrary.org/obo/GO_0006915	apoptotic process	http://purl.obolibrary.org/obo/XAO_0000265	visceral pouch 6
http://purl.obolibrary.org/obo/XPO_0137052	decreased apoptosis in viscus	http://purl.obolibrary.org/obo/GO_0006915	apoptotic process	http://purl.obolibrary.org/obo/XAO_0003034	viscus
http://purl.obolibrary.org/obo/XPO_0137195	decreased apoptosis in visual system	http://purl.obolibrary.org/obo/GO_0006915	apoptotic process	http://purl.obolibrary.org/obo/XAO_0003198	visual system
http://purl.obolibrary.org/obo/XPO_0136636	decreased apoptosis in vitelline membrane	http://purl.obolibrary.org/obo/GO_0006915	apoptotic process	http://purl.obolibrary.org/obo/XAO_0000030	vitelline membrane
http://purl.obolibrary.org/obo/XPO_0137412	decreased apoptosis in vitelline vein	http://purl.obolibrary.org/obo/GO_0006915	apoptotic process	http://purl.obolibrary.org/obo/XAO_0004147	vitelline vein
http://purl.obolibrary.org/obo/XPO_0137028	decreased apoptosis in whole organism	http://purl.obolibrary.org/obo/GO_0006915	apoptotic process	http://purl.obolibrary.org/obo/XAO_0003004	whole organism
http://purl.obolibrary.org/obo/XPO_0137653	decreased apoptosis in wound epidermis	http://purl.obolibrary.org/obo/GO_0006915	apoptotic process	http://purl.obolibrary.org/obo/XAO_0004397	wound epidermis
http://purl.obolibrary.org/obo/XPO_0137654	decreased apoptosis in wound epidermis inner layer	http://purl.obolibrary.org/obo/GO_0006915	apoptotic process	http://purl.obolibrary.org/obo/XAO_0004398	wound epidermis inner layer
http://purl.obolibrary.org/obo/XPO_0137655	decreased apoptosis in wound epidermis outer layer	http://purl.obolibrary.org/obo/GO_0006915	apoptotic process	http://purl.obolibrary.org/obo/XAO_0004399	wound epidermis outer layer
http://purl.obolibrary.org/obo/XPO_0137003	decreased apoptosis in xanthophore	http://purl.obolibrary.org/obo/GO_0006915	apoptotic process	http://purl.obolibrary.org/obo/XAO_0000471	xanthophore
http://purl.obolibrary.org/obo/XPO_0137529	decreased apoptosis in zeugopod	http://purl.obolibrary.org/obo/GO_0006915	apoptotic process	http://purl.obolibrary.org/obo/XAO_0004264	zeugopod
http://purl.obolibrary.org/obo/XPO_0137568	decreased apoptosis in zona limitans intrathalamica	http://purl.obolibrary.org/obo/GO_0006915	apoptotic process	http://purl.obolibrary.org/obo/XAO_0004305	zona limitans intrathalamica
http://purl.obolibrary.org/obo/XPO_0136641	decreased apoptosis in zygote	http://purl.obolibrary.org/obo/GO_0006915	apoptotic process	http://purl.obolibrary.org/obo/XAO_0000035	zygote
http://purl.obolibrary.org/obo/XPO_0133386	decreased cell migration in anterior branchial crest	http://purl.obolibrary.org/obo/GO_0016477	cell migration	http://purl.obolibrary.org/obo/XAO_0004187	anterior branchial crest
http://purl.obolibrary.org/obo/XPO_0133383	decreased cell migration in branchial crest	http://purl.obolibrary.org/obo/GO_0016477	cell migration	http://purl.obolibrary.org/obo/XAO_0000026	branchial crest
http://purl.obolibrary.org/obo/XPO_0133384	decreased cell migration in hyoid crest	http://purl.obolibrary.org/obo/GO_0016477	cell migration	http://purl.obolibrary.org/obo/XAO_0000025	hyoid crest
http://purl.obolibrary.org/obo/XPO_0133385	decreased cell migration in mandibular crest	http://purl.obolibrary.org/obo/GO_0016477	cell migration	http://purl.obolibrary.org/obo/XAO_0000024	mandibular crest
http://purl.obolibrary.org/obo/XPO_0133387	decreased cell migration in posterior branchial crest	http://purl.obolibrary.org/obo/GO_0016477	cell migration	http://purl.obolibrary.org/obo/XAO_0004188	posterior branchial crest
http://purl.obolibrary.org/obo/XPO_0131751	decreased cell migration of multiciliated epidermal cell	http://purl.obolibrary.org/obo/GO_0016477	cell migration	http://purl.obolibrary.org/obo/XAO_0005179	multiciliated epidermal cell
http://purl.obolibrary.org/obo/XPO_0138713	decreased cell population proliferation in B cell	http://purl.obolibrary.org/obo/GO_0008283	cell population proliferation	http://purl.obolibrary.org/obo/XAO_0003158	B cell
http://purl.obolibrary.org/obo/XPO_0139494	decreased cell population proliferation in Bowman's gland	http://purl.obolibrary.org/obo/GO_0008283	cell population proliferation	http://purl.obolibrary.org/obo/XAO_0005075	Bowman's gland
http://purl.obolibrary.org/obo/XPO_0139263	decreased cell population proliferation in Brachet's cleft	http://purl.obolibrary.org/obo/GO_0008283	cell population proliferation	http://purl.obolibrary.org/obo/XAO_0004456	Brachet's cleft
http://purl.obolibrary.org/obo/XPO_0139455	decreased cell population proliferation in Eberth-Kastschenko layer	http://purl.obolibrary.org/obo/GO_0008283	cell population proliferation	http://purl.obolibrary.org/obo/XAO_0005036	Eberth-Kastschenko layer
http://purl.obolibrary.org/obo/XPO_0138403	decreased cell population proliferation in Jacobson's organ	http://purl.obolibrary.org/obo/GO_0008283	cell population proliferation	http://purl.obolibrary.org/obo/XAO_0000272	Jacobson's organ
http://purl.obolibrary.org/obo/XPO_0139073	decreased cell population proliferation in Jacobson's vein	http://purl.obolibrary.org/obo/GO_0008283	cell population proliferation	http://purl.obolibrary.org/obo/XAO_0004257	Jacobson's vein
http://purl.obolibrary.org/obo/XPO_0139212	decreased cell population proliferation in Leydig cell	http://purl.obolibrary.org/obo/GO_0008283	cell population proliferation	http://purl.obolibrary.org/obo/XAO_0004405	Leydig cell
http://purl.obolibrary.org/obo/XPO_0139454	decreased cell population proliferation in Mauthner cell	http://purl.obolibrary.org/obo/GO_0008283	cell population proliferation	http://purl.obolibrary.org/obo/XAO_0005035	Mauthner cell
http://purl.obolibrary.org/obo/XPO_0138643	decreased cell population proliferation in Meckel's cartilage	http://purl.obolibrary.org/obo/GO_0008283	cell population proliferation	http://purl.obolibrary.org/obo/XAO_0003085	Meckel's cartilage
http://purl.obolibrary.org/obo/XPO_0138801	decreased cell population proliferation in Merkel cell	http://purl.obolibrary.org/obo/GO_0008283	cell population proliferation	http://purl.obolibrary.org/obo/XAO_0003254	Merkel cell
http://purl.obolibrary.org/obo/XPO_0139426	decreased cell population proliferation in Muller cell	http://purl.obolibrary.org/obo/GO_0008283	cell population proliferation	http://purl.obolibrary.org/obo/XAO_0005007	Muller cell
http://purl.obolibrary.org/obo/XPO_0138440	decreased cell population proliferation in Mullerian duct	http://purl.obolibrary.org/obo/GO_0008283	cell population proliferation	http://purl.obolibrary.org/obo/XAO_0000330	Mullerian duct
http://purl.obolibrary.org/obo/XPO_0138525	decreased cell population proliferation in Rathke's pouch	http://purl.obolibrary.org/obo/GO_0008283	cell population proliferation	http://purl.obolibrary.org/obo/XAO_0000430	Rathke's pouch
http://purl.obolibrary.org/obo/XPO_0138593	decreased cell population proliferation in Rohon-Beard neuron	http://purl.obolibrary.org/obo/GO_0008283	cell population proliferation	http://purl.obolibrary.org/obo/XAO_0003022	Rohon-Beard neuron
http://purl.obolibrary.org/obo/XPO_0139463	decreased cell population proliferation in Schwann cell	http://purl.obolibrary.org/obo/GO_0008283	cell population proliferation	http://purl.obolibrary.org/obo/XAO_0005044	Schwann cell
http://purl.obolibrary.org/obo/XPO_0138562	decreased cell population proliferation in Stirnorgan	http://purl.obolibrary.org/obo/GO_0008283	cell population proliferation	http://purl.obolibrary.org/obo/XAO_0001012	Stirnorgan
http://purl.obolibrary.org/obo/XPO_0138712	decreased cell population proliferation in T cell	http://purl.obolibrary.org/obo/GO_0008283	cell population proliferation	http://purl.obolibrary.org/obo/XAO_0003157	T cell
http://purl.obolibrary.org/obo/XPO_0138566	decreased cell population proliferation in abdominal myoblast	http://purl.obolibrary.org/obo/GO_0008283	cell population proliferation	http://purl.obolibrary.org/obo/XAO_0001016	abdominal myoblast
http://purl.obolibrary.org/obo/XPO_0138650	decreased cell population proliferation in abducens nerve	http://purl.obolibrary.org/obo/GO_0008283	cell population proliferation	http://purl.obolibrary.org/obo/XAO_0003093	abducens nerve
http://purl.obolibrary.org/obo/XPO_0138779	decreased cell population proliferation in absorptive cell	http://purl.obolibrary.org/obo/GO_0008283	cell population proliferation	http://purl.obolibrary.org/obo/XAO_0003231	absorptive cell
http://purl.obolibrary.org/obo/XPO_0139030	decreased cell population proliferation in accessory nerve	http://purl.obolibrary.org/obo/GO_0008283	cell population proliferation	http://purl.obolibrary.org/obo/XAO_0004214	accessory nerve
http://purl.obolibrary.org/obo/XPO_0139334	decreased cell population proliferation in accessory olfactory bulb	http://purl.obolibrary.org/obo/GO_0008283	cell population proliferation	http://purl.obolibrary.org/obo/XAO_0004530	accessory olfactory bulb
http://purl.obolibrary.org/obo/XPO_0138717	decreased cell population proliferation in acellular anatomical structure	http://purl.obolibrary.org/obo/GO_0008283	cell population proliferation	http://purl.obolibrary.org/obo/XAO_0003162	acellular anatomical structure
http://purl.obolibrary.org/obo/XPO_0139422	decreased cell population proliferation in acellular bone tissue	http://purl.obolibrary.org/obo/GO_0008283	cell population proliferation	http://purl.obolibrary.org/obo/XAO_0005001	acellular bone tissue
http://purl.obolibrary.org/obo/XPO_0138780	decreased cell population proliferation in acid secreting cell	http://purl.obolibrary.org/obo/GO_0008283	cell population proliferation	http://purl.obolibrary.org/obo/XAO_0003232	acid secreting cell
http://purl.obolibrary.org/obo/XPO_0138781	decreased cell population proliferation in acinar cell	http://purl.obolibrary.org/obo/GO_0008283	cell population proliferation	http://purl.obolibrary.org/obo/XAO_0003233	acinar cell
http://purl.obolibrary.org/obo/XPO_0139024	decreased cell population proliferation in adenohypophyseal placode	http://purl.obolibrary.org/obo/GO_0008283	cell population proliferation	http://purl.obolibrary.org/obo/XAO_0004208	adenohypophyseal placode
http://purl.obolibrary.org/obo/XPO_0139603	decreased cell population proliferation in adenohypophysis	http://purl.obolibrary.org/obo/GO_0008283	cell population proliferation	http://purl.obolibrary.org/obo/XAO_0005186	adenohypophysis
http://purl.obolibrary.org/obo/XPO_0138618	decreased cell population proliferation in adipose tissue	http://purl.obolibrary.org/obo/GO_0008283	cell population proliferation	http://purl.obolibrary.org/obo/XAO_0003049	adipose tissue
http://purl.obolibrary.org/obo/XPO_0138307	decreased cell population proliferation in adrenal cortex	http://purl.obolibrary.org/obo/GO_0008283	cell population proliferation	http://purl.obolibrary.org/obo/XAO_0000165	adrenal cortex
http://purl.obolibrary.org/obo/XPO_0138306	decreased cell population proliferation in adrenal gland	http://purl.obolibrary.org/obo/GO_0008283	cell population proliferation	http://purl.obolibrary.org/obo/XAO_0000164	adrenal gland
http://purl.obolibrary.org/obo/XPO_0138308	decreased cell population proliferation in adrenal medulla	http://purl.obolibrary.org/obo/GO_0008283	cell population proliferation	http://purl.obolibrary.org/obo/XAO_0000166	adrenal medulla
http://purl.obolibrary.org/obo/XPO_0138709	decreased cell population proliferation in adult immune system	http://purl.obolibrary.org/obo/GO_0008283	cell population proliferation	http://purl.obolibrary.org/obo/XAO_0003154	adult immune system
http://purl.obolibrary.org/obo/XPO_0139425	decreased cell population proliferation in adult intestinal epithelium	http://purl.obolibrary.org/obo/GO_0008283	cell population proliferation	http://purl.obolibrary.org/obo/XAO_0005004	adult intestinal epithelium
http://purl.obolibrary.org/obo/XPO_0139647	decreased cell population proliferation in adult kidney	http://purl.obolibrary.org/obo/GO_0008283	cell population proliferation	http://purl.obolibrary.org/obo/XAO_0005244	adult kidney
http://purl.obolibrary.org/obo/XPO_0139665	decreased cell population proliferation in adult thrombocyte	http://purl.obolibrary.org/obo/GO_0008283	cell population proliferation	http://purl.obolibrary.org/obo/XAO_0005268	adult thrombocyte
http://purl.obolibrary.org/obo/XPO_0139633	decreased cell population proliferation in afferent neuron	http://purl.obolibrary.org/obo/GO_0008283	cell population proliferation	http://purl.obolibrary.org/obo/XAO_0005229	afferent neuron
http://purl.obolibrary.org/obo/XPO_0138274	decreased cell population proliferation in alimentary system	http://purl.obolibrary.org/obo/GO_0008283	cell population proliferation	http://purl.obolibrary.org/obo/XAO_0000125	alimentary system
http://purl.obolibrary.org/obo/XPO_0138782	decreased cell population proliferation in alkali secreting cell	http://purl.obolibrary.org/obo/GO_0008283	cell population proliferation	http://purl.obolibrary.org/obo/XAO_0003234	alkali secreting cell
http://purl.obolibrary.org/obo/XPO_0139581	decreased cell population proliferation in alpha cell	http://purl.obolibrary.org/obo/GO_0008283	cell population proliferation	http://purl.obolibrary.org/obo/XAO_0005164	alpha cell
http://purl.obolibrary.org/obo/XPO_0138915	decreased cell population proliferation in amacrine cell	http://purl.obolibrary.org/obo/GO_0008283	cell population proliferation	http://purl.obolibrary.org/obo/XAO_0004099	amacrine cell
http://purl.obolibrary.org/obo/XPO_0138700	decreased cell population proliferation in amphibian papilla	http://purl.obolibrary.org/obo/GO_0008283	cell population proliferation	http://purl.obolibrary.org/obo/XAO_0003144	amphibian papilla
http://purl.obolibrary.org/obo/XPO_0138875	decreased cell population proliferation in ampullary nerve	http://purl.obolibrary.org/obo/GO_0008283	cell population proliferation	http://purl.obolibrary.org/obo/XAO_0004058	ampullary nerve
http://purl.obolibrary.org/obo/XPO_0139132	decreased cell population proliferation in amputated fin	http://purl.obolibrary.org/obo/GO_0008283	cell population proliferation	http://purl.obolibrary.org/obo/XAO_0004318	amputated fin
http://purl.obolibrary.org/obo/XPO_0139133	decreased cell population proliferation in amputated limb	http://purl.obolibrary.org/obo/GO_0008283	cell population proliferation	http://purl.obolibrary.org/obo/XAO_0004319	amputated limb
http://purl.obolibrary.org/obo/XPO_0139131	decreased cell population proliferation in amputated tissue	http://purl.obolibrary.org/obo/GO_0008283	cell population proliferation	http://purl.obolibrary.org/obo/XAO_0004317	amputated tissue
http://purl.obolibrary.org/obo/XPO_0139335	decreased cell population proliferation in amygdala	http://purl.obolibrary.org/obo/GO_0008283	cell population proliferation	http://purl.obolibrary.org/obo/XAO_0004531	amygdala
http://purl.obolibrary.org/obo/XPO_0138715	decreased cell population proliferation in anatomical cluster	http://purl.obolibrary.org/obo/GO_0008283	cell population proliferation	http://purl.obolibrary.org/obo/XAO_0003160	anatomical cluster
http://purl.obolibrary.org/obo/XPO_0138577	decreased cell population proliferation in anatomical group	http://purl.obolibrary.org/obo/GO_0008283	cell population proliferation	http://purl.obolibrary.org/obo/XAO_0003001	anatomical group
http://purl.obolibrary.org/obo/XPO_0138820	decreased cell population proliferation in anatomical line	http://purl.obolibrary.org/obo/GO_0008283	cell population proliferation	http://purl.obolibrary.org/obo/XAO_0004003	anatomical line
http://purl.obolibrary.org/obo/XPO_0138738	decreased cell population proliferation in anatomical region	http://purl.obolibrary.org/obo/GO_0008283	cell population proliferation	http://purl.obolibrary.org/obo/XAO_0003186	anatomical region
http://purl.obolibrary.org/obo/XPO_0138576	decreased cell population proliferation in anatomical structure	http://purl.obolibrary.org/obo/GO_0008283	cell population proliferation	http://purl.obolibrary.org/obo/XAO_0003000	anatomical structure
http://purl.obolibrary.org/obo/XPO_0138578	decreased cell population proliferation in anatomical system	http://purl.obolibrary.org/obo/GO_0008283	cell population proliferation	http://purl.obolibrary.org/obo/XAO_0003002	anatomical system
http://purl.obolibrary.org/obo/XPO_0138979	decreased cell population proliferation in angioblast	http://purl.obolibrary.org/obo/GO_0008283	cell population proliferation	http://purl.obolibrary.org/obo/XAO_0004163	angioblast
http://purl.obolibrary.org/obo/XPO_0138340	decreased cell population proliferation in animal blastomere	http://purl.obolibrary.org/obo/GO_0008283	cell population proliferation	http://purl.obolibrary.org/obo/XAO_0000200	animal blastomere
http://purl.obolibrary.org/obo/XPO_0138193	decreased cell population proliferation in animal cap	http://purl.obolibrary.org/obo/GO_0008283	cell population proliferation	http://purl.obolibrary.org/obo/XAO_0000036	animal cap
http://purl.obolibrary.org/obo/XPO_0138194	decreased cell population proliferation in animal cap inner layer	http://purl.obolibrary.org/obo/GO_0008283	cell population proliferation	http://purl.obolibrary.org/obo/XAO_0000037	animal cap inner layer
http://purl.obolibrary.org/obo/XPO_0138195	decreased cell population proliferation in animal cap outer layer	http://purl.obolibrary.org/obo/GO_0008283	cell population proliferation	http://purl.obolibrary.org/obo/XAO_0000038	animal cap outer layer
http://purl.obolibrary.org/obo/XPO_0138341	decreased cell population proliferation in animal hemisphere	http://purl.obolibrary.org/obo/GO_0008283	cell population proliferation	http://purl.obolibrary.org/obo/XAO_0000202	animal hemisphere
http://purl.obolibrary.org/obo/XPO_0138407	decreased cell population proliferation in animal part, late involuting	http://purl.obolibrary.org/obo/GO_0008283	cell population proliferation	http://purl.obolibrary.org/obo/XAO_0000278	animal part, late involuting
http://purl.obolibrary.org/obo/XPO_0138904	decreased cell population proliferation in animal pole	http://purl.obolibrary.org/obo/GO_0008283	cell population proliferation	http://purl.obolibrary.org/obo/XAO_0004088	animal pole
http://purl.obolibrary.org/obo/XPO_0139336	decreased cell population proliferation in anterior amygdala	http://purl.obolibrary.org/obo/GO_0008283	cell population proliferation	http://purl.obolibrary.org/obo/XAO_0004532	anterior amygdala
http://purl.obolibrary.org/obo/XPO_0139003	decreased cell population proliferation in anterior branchial crest	http://purl.obolibrary.org/obo/GO_0008283	cell population proliferation	http://purl.obolibrary.org/obo/XAO_0004187	anterior branchial crest
http://purl.obolibrary.org/obo/XPO_0138483	decreased cell population proliferation in anterior cardinal vein	http://purl.obolibrary.org/obo/GO_0008283	cell population proliferation	http://purl.obolibrary.org/obo/XAO_0000383	anterior cardinal vein
http://purl.obolibrary.org/obo/XPO_0138974	decreased cell population proliferation in anterior cerebral vein	http://purl.obolibrary.org/obo/GO_0008283	cell population proliferation	http://purl.obolibrary.org/obo/XAO_0004158	anterior cerebral vein
http://purl.obolibrary.org/obo/XPO_0139337	decreased cell population proliferation in anterior commissure	http://purl.obolibrary.org/obo/GO_0008283	cell population proliferation	http://purl.obolibrary.org/obo/XAO_0004533	anterior commissure
http://purl.obolibrary.org/obo/XPO_0138953	decreased cell population proliferation in anterior crista	http://purl.obolibrary.org/obo/GO_0008283	cell population proliferation	http://purl.obolibrary.org/obo/XAO_0004137	anterior crista
http://purl.obolibrary.org/obo/XPO_0139659	decreased cell population proliferation in anterior dorsal fin	http://purl.obolibrary.org/obo/GO_0008283	cell population proliferation	http://purl.obolibrary.org/obo/XAO_0005262	anterior dorsal fin
http://purl.obolibrary.org/obo/XPO_0138620	decreased cell population proliferation in anterior dorsal lateral plate region	http://purl.obolibrary.org/obo/GO_0008283	cell population proliferation	http://purl.obolibrary.org/obo/XAO_0003051	anterior dorsal lateral plate region
http://purl.obolibrary.org/obo/XPO_0139692	decreased cell population proliferation in anterior endoderm	http://purl.obolibrary.org/obo/GO_0008283	cell population proliferation	http://purl.obolibrary.org/obo/XAO_0005303	anterior endoderm
http://purl.obolibrary.org/obo/XPO_0139695	decreased cell population proliferation in anterior endomesoderm	http://purl.obolibrary.org/obo/GO_0008283	cell population proliferation	http://purl.obolibrary.org/obo/XAO_0005306	anterior endomesoderm
http://purl.obolibrary.org/obo/XPO_0139338	decreased cell population proliferation in anterior entopeduncular nucleus	http://purl.obolibrary.org/obo/GO_0008283	cell population proliferation	http://purl.obolibrary.org/obo/XAO_0004534	anterior entopeduncular nucleus
http://purl.obolibrary.org/obo/XPO_0139495	decreased cell population proliferation in anterior entopeduncular region	http://purl.obolibrary.org/obo/GO_0008283	cell population proliferation	http://purl.obolibrary.org/obo/XAO_0005076	anterior entopeduncular region
http://purl.obolibrary.org/obo/XPO_0139545	decreased cell population proliferation in anterior foregut	http://purl.obolibrary.org/obo/GO_0008283	cell population proliferation	http://purl.obolibrary.org/obo/XAO_0005127	anterior foregut
http://purl.obolibrary.org/obo/XPO_0139654	decreased cell population proliferation in anterior hindgut endoderm	http://purl.obolibrary.org/obo/GO_0008283	cell population proliferation	http://purl.obolibrary.org/obo/XAO_0005251	anterior hindgut endoderm
http://purl.obolibrary.org/obo/XPO_0139046	decreased cell population proliferation in anterior hypothalamus	http://purl.obolibrary.org/obo/GO_0008283	cell population proliferation	http://purl.obolibrary.org/obo/XAO_0004230	anterior hypothalamus
http://purl.obolibrary.org/obo/XPO_0139037	decreased cell population proliferation in anterior lateral line placode	http://purl.obolibrary.org/obo/GO_0008283	cell population proliferation	http://purl.obolibrary.org/obo/XAO_0004221	anterior lateral line placode
http://purl.obolibrary.org/obo/XPO_0138568	decreased cell population proliferation in anterior lymph sac	http://purl.obolibrary.org/obo/GO_0008283	cell population proliferation	http://purl.obolibrary.org/obo/XAO_0001018	anterior lymph sac
http://purl.obolibrary.org/obo/XPO_0138425	decreased cell population proliferation in anterior neural fold	http://purl.obolibrary.org/obo/GO_0008283	cell population proliferation	http://purl.obolibrary.org/obo/XAO_0000310	anterior neural fold
http://purl.obolibrary.org/obo/XPO_0139025	decreased cell population proliferation in anterior neural ridge	http://purl.obolibrary.org/obo/GO_0008283	cell population proliferation	http://purl.obolibrary.org/obo/XAO_0004209	anterior neural ridge
http://purl.obolibrary.org/obo/XPO_0138423	decreased cell population proliferation in anterior neural tube	http://purl.obolibrary.org/obo/GO_0008283	cell population proliferation	http://purl.obolibrary.org/obo/XAO_0000307	anterior neural tube
http://purl.obolibrary.org/obo/XPO_0139660	decreased cell population proliferation in anterior neuroectoderm	http://purl.obolibrary.org/obo/GO_0008283	cell population proliferation	http://purl.obolibrary.org/obo/XAO_0005263	anterior neuroectoderm
http://purl.obolibrary.org/obo/XPO_0138471	decreased cell population proliferation in anterior palatine artery	http://purl.obolibrary.org/obo/GO_0008283	cell population proliferation	http://purl.obolibrary.org/obo/XAO_0000369	anterior palatine artery
http://purl.obolibrary.org/obo/XPO_0139022	decreased cell population proliferation in anterior placodal area	http://purl.obolibrary.org/obo/GO_0008283	cell population proliferation	http://purl.obolibrary.org/obo/XAO_0004206	anterior placodal area
http://purl.obolibrary.org/obo/XPO_0139620	decreased cell population proliferation in anterior region	http://purl.obolibrary.org/obo/GO_0008283	cell population proliferation	http://purl.obolibrary.org/obo/XAO_0005216	anterior region
http://purl.obolibrary.org/obo/XPO_0139459	decreased cell population proliferation in anterior semicircular canal	http://purl.obolibrary.org/obo/GO_0008283	cell population proliferation	http://purl.obolibrary.org/obo/XAO_0005040	anterior semicircular canal
http://purl.obolibrary.org/obo/XPO_0139321	decreased cell population proliferation in anterior tectum	http://purl.obolibrary.org/obo/GO_0008283	cell population proliferation	http://purl.obolibrary.org/obo/XAO_0004514	anterior tectum
http://purl.obolibrary.org/obo/XPO_0139340	decreased cell population proliferation in anterior thalamic nucleus	http://purl.obolibrary.org/obo/GO_0008283	cell population proliferation	http://purl.obolibrary.org/obo/XAO_0004536	anterior thalamic nucleus
http://purl.obolibrary.org/obo/XPO_0138960	decreased cell population proliferation in anterior ventral blood island	http://purl.obolibrary.org/obo/GO_0008283	cell population proliferation	http://purl.obolibrary.org/obo/XAO_0004144	anterior ventral blood island
http://purl.obolibrary.org/obo/XPO_0139215	decreased cell population proliferation in anterior-proximal mesenchyme	http://purl.obolibrary.org/obo/GO_0008283	cell population proliferation	http://purl.obolibrary.org/obo/XAO_0004408	anterior-proximal mesenchyme
http://purl.obolibrary.org/obo/XPO_0139625	decreased cell population proliferation in antero-dorsal region	http://purl.obolibrary.org/obo/GO_0008283	cell population proliferation	http://purl.obolibrary.org/obo/XAO_0005221	antero-dorsal region
http://purl.obolibrary.org/obo/XPO_0139626	decreased cell population proliferation in antero-ventral region	http://purl.obolibrary.org/obo/GO_0008283	cell population proliferation	http://purl.obolibrary.org/obo/XAO_0005222	antero-ventral region
http://purl.obolibrary.org/obo/XPO_0139085	decreased cell population proliferation in anterodorsal lateral line placode	http://purl.obolibrary.org/obo/GO_0008283	cell population proliferation	http://purl.obolibrary.org/obo/XAO_0004269	anterodorsal lateral line placode
http://purl.obolibrary.org/obo/XPO_0139341	decreased cell population proliferation in anterodorsal tegmental nucleus	http://purl.obolibrary.org/obo/GO_0008283	cell population proliferation	http://purl.obolibrary.org/obo/XAO_0004537	anterodorsal tegmental nucleus
http://purl.obolibrary.org/obo/XPO_0139036	decreased cell population proliferation in anteroventral lateral line placode	http://purl.obolibrary.org/obo/GO_0008283	cell population proliferation	http://purl.obolibrary.org/obo/XAO_0004220	anteroventral lateral line placode
http://purl.obolibrary.org/obo/XPO_0139342	decreased cell population proliferation in anteroventral tegmental nucleus	http://purl.obolibrary.org/obo/GO_0008283	cell population proliferation	http://purl.obolibrary.org/obo/XAO_0004538	anteroventral tegmental nucleus
http://purl.obolibrary.org/obo/XPO_0139574	decreased cell population proliferation in antrum	http://purl.obolibrary.org/obo/GO_0008283	cell population proliferation	http://purl.obolibrary.org/obo/XAO_0005157	antrum
http://purl.obolibrary.org/obo/XPO_0138582	decreased cell population proliferation in aorta	http://purl.obolibrary.org/obo/GO_0008283	cell population proliferation	http://purl.obolibrary.org/obo/XAO_0003010	aorta
http://purl.obolibrary.org/obo/XPO_0138450	decreased cell population proliferation in aortic arch	http://purl.obolibrary.org/obo/GO_0008283	cell population proliferation	http://purl.obolibrary.org/obo/XAO_0000341	aortic arch
http://purl.obolibrary.org/obo/XPO_0138451	decreased cell population proliferation in aortic arch 1	http://purl.obolibrary.org/obo/GO_0008283	cell population proliferation	http://purl.obolibrary.org/obo/XAO_0000342	aortic arch 1
http://purl.obolibrary.org/obo/XPO_0138452	decreased cell population proliferation in aortic arch 2	http://purl.obolibrary.org/obo/GO_0008283	cell population proliferation	http://purl.obolibrary.org/obo/XAO_0000343	aortic arch 2
http://purl.obolibrary.org/obo/XPO_0138453	decreased cell population proliferation in aortic arch 3	http://purl.obolibrary.org/obo/GO_0008283	cell population proliferation	http://purl.obolibrary.org/obo/XAO_0000344	aortic arch 3
http://purl.obolibrary.org/obo/XPO_0138459	decreased cell population proliferation in aortic arch 4	http://purl.obolibrary.org/obo/GO_0008283	cell population proliferation	http://purl.obolibrary.org/obo/XAO_0000355	aortic arch 4
http://purl.obolibrary.org/obo/XPO_0138456	decreased cell population proliferation in aortic arch 5	http://purl.obolibrary.org/obo/GO_0008283	cell population proliferation	http://purl.obolibrary.org/obo/XAO_0000352	aortic arch 5
http://purl.obolibrary.org/obo/XPO_0138457	decreased cell population proliferation in aortic arch 6	http://purl.obolibrary.org/obo/GO_0008283	cell population proliferation	http://purl.obolibrary.org/obo/XAO_0000353	aortic arch 6
http://purl.obolibrary.org/obo/XPO_0138937	decreased cell population proliferation in apical ectodermal ridge	http://purl.obolibrary.org/obo/GO_0008283	cell population proliferation	http://purl.obolibrary.org/obo/XAO_0004121	apical ectodermal ridge
http://purl.obolibrary.org/obo/XPO_0139208	decreased cell population proliferation in apical epithelial cap	http://purl.obolibrary.org/obo/GO_0008283	cell population proliferation	http://purl.obolibrary.org/obo/XAO_0004401	apical epithelial cap
http://purl.obolibrary.org/obo/XPO_0139203	decreased cell population proliferation in apical mesenchyme	http://purl.obolibrary.org/obo/GO_0008283	cell population proliferation	http://purl.obolibrary.org/obo/XAO_0004396	apical mesenchyme
http://purl.obolibrary.org/obo/XPO_0139617	decreased cell population proliferation in apical region	http://purl.obolibrary.org/obo/GO_0008283	cell population proliferation	http://purl.obolibrary.org/obo/XAO_0005213	apical region
http://purl.obolibrary.org/obo/XPO_0139308	decreased cell population proliferation in apoptotic cell	http://purl.obolibrary.org/obo/GO_0008283	cell population proliferation	http://purl.obolibrary.org/obo/XAO_0004501	apoptotic cell
http://purl.obolibrary.org/obo/XPO_0138354	decreased cell population proliferation in appendage	http://purl.obolibrary.org/obo/GO_0008283	cell population proliferation	http://purl.obolibrary.org/obo/XAO_0000218	appendage
http://purl.obolibrary.org/obo/XPO_0139010	decreased cell population proliferation in appendicular ossicle	http://purl.obolibrary.org/obo/GO_0008283	cell population proliferation	http://purl.obolibrary.org/obo/XAO_0004194	appendicular ossicle
http://purl.obolibrary.org/obo/XPO_0138721	decreased cell population proliferation in appendicular skeleton	http://purl.obolibrary.org/obo/GO_0008283	cell population proliferation	http://purl.obolibrary.org/obo/XAO_0003166	appendicular skeleton
http://purl.obolibrary.org/obo/XPO_0138244	decreased cell population proliferation in archenteron floor	http://purl.obolibrary.org/obo/GO_0008283	cell population proliferation	http://purl.obolibrary.org/obo/XAO_0000093	archenteron floor
http://purl.obolibrary.org/obo/XPO_0139572	decreased cell population proliferation in archenteron roof midline	http://purl.obolibrary.org/obo/GO_0008283	cell population proliferation	http://purl.obolibrary.org/obo/XAO_0005155	archenteron roof midline
http://purl.obolibrary.org/obo/XPO_0138463	decreased cell population proliferation in arteria iliaca communis	http://purl.obolibrary.org/obo/GO_0008283	cell population proliferation	http://purl.obolibrary.org/obo/XAO_0000361	arteria iliaca communis
http://purl.obolibrary.org/obo/XPO_0138472	decreased cell population proliferation in arteria mesenterica posterior	http://purl.obolibrary.org/obo/GO_0008283	cell population proliferation	http://purl.obolibrary.org/obo/XAO_0000370	arteria mesenterica posterior
http://purl.obolibrary.org/obo/XPO_0138467	decreased cell population proliferation in arteria subclavia	http://purl.obolibrary.org/obo/GO_0008283	cell population proliferation	http://purl.obolibrary.org/obo/XAO_0000365	arteria subclavia
http://purl.obolibrary.org/obo/XPO_0138461	decreased cell population proliferation in arterial endothelium	http://purl.obolibrary.org/obo/GO_0008283	cell population proliferation	http://purl.obolibrary.org/obo/XAO_0000357	arterial endothelium
http://purl.obolibrary.org/obo/XPO_0138263	decreased cell population proliferation in artery	http://purl.obolibrary.org/obo/GO_0008283	cell population proliferation	http://purl.obolibrary.org/obo/XAO_0000114	artery
http://purl.obolibrary.org/obo/XPO_0139089	decreased cell population proliferation in articular system	http://purl.obolibrary.org/obo/GO_0008283	cell population proliferation	http://purl.obolibrary.org/obo/XAO_0004274	articular system
http://purl.obolibrary.org/obo/XPO_0139598	decreased cell population proliferation in ascending interneuron	http://purl.obolibrary.org/obo/GO_0008283	cell population proliferation	http://purl.obolibrary.org/obo/XAO_0005181	ascending interneuron
http://purl.obolibrary.org/obo/XPO_0139549	decreased cell population proliferation in astrocyte	http://purl.obolibrary.org/obo/GO_0008283	cell population proliferation	http://purl.obolibrary.org/obo/XAO_0005131	astrocyte
http://purl.obolibrary.org/obo/XPO_0139278	decreased cell population proliferation in atrial septum	http://purl.obolibrary.org/obo/GO_0008283	cell population proliferation	http://purl.obolibrary.org/obo/XAO_0004471	atrial septum
http://purl.obolibrary.org/obo/XPO_0138939	decreased cell population proliferation in atrioventricular canal	http://purl.obolibrary.org/obo/GO_0008283	cell population proliferation	http://purl.obolibrary.org/obo/XAO_0004123	atrioventricular canal
http://purl.obolibrary.org/obo/XPO_0138940	decreased cell population proliferation in atrioventricular canal endocardium	http://purl.obolibrary.org/obo/GO_0008283	cell population proliferation	http://purl.obolibrary.org/obo/XAO_0004124	atrioventricular canal endocardium
http://purl.obolibrary.org/obo/XPO_0139697	decreased cell population proliferation in atrioventricular valve	http://purl.obolibrary.org/obo/GO_0008283	cell population proliferation	http://purl.obolibrary.org/obo/XAO_0005308	atrioventricular valve
http://purl.obolibrary.org/obo/XPO_0138941	decreased cell population proliferation in atrioventricular valve leaflet	http://purl.obolibrary.org/obo/GO_0008283	cell population proliferation	http://purl.obolibrary.org/obo/XAO_0004125	atrioventricular valve leaflet
http://purl.obolibrary.org/obo/XPO_0138821	decreased cell population proliferation in atypical epithelium	http://purl.obolibrary.org/obo/GO_0008283	cell population proliferation	http://purl.obolibrary.org/obo/XAO_0004004	atypical epithelium
http://purl.obolibrary.org/obo/XPO_0138330	decreased cell population proliferation in auditory apparatus	http://purl.obolibrary.org/obo/GO_0008283	cell population proliferation	http://purl.obolibrary.org/obo/XAO_0000189	auditory apparatus
http://purl.obolibrary.org/obo/XPO_0138946	decreased cell population proliferation in auditory hair cell	http://purl.obolibrary.org/obo/GO_0008283	cell population proliferation	http://purl.obolibrary.org/obo/XAO_0004130	auditory hair cell
http://purl.obolibrary.org/obo/XPO_0138351	decreased cell population proliferation in auditory ossicle	http://purl.obolibrary.org/obo/GO_0008283	cell population proliferation	http://purl.obolibrary.org/obo/XAO_0000214	auditory ossicle
http://purl.obolibrary.org/obo/XPO_0138350	decreased cell population proliferation in auditory tube	http://purl.obolibrary.org/obo/GO_0008283	cell population proliferation	http://purl.obolibrary.org/obo/XAO_0000213	auditory tube
http://purl.obolibrary.org/obo/XPO_0139081	decreased cell population proliferation in autopod	http://purl.obolibrary.org/obo/GO_0008283	cell population proliferation	http://purl.obolibrary.org/obo/XAO_0004265	autopod
http://purl.obolibrary.org/obo/XPO_0138850	decreased cell population proliferation in avascular GAG-rich matrix	http://purl.obolibrary.org/obo/GO_0008283	cell population proliferation	http://purl.obolibrary.org/obo/XAO_0004033	avascular GAG-rich matrix
http://purl.obolibrary.org/obo/XPO_0138343	decreased cell population proliferation in axial mesoderm	http://purl.obolibrary.org/obo/GO_0008283	cell population proliferation	http://purl.obolibrary.org/obo/XAO_0000205	axial mesoderm
http://purl.obolibrary.org/obo/XPO_0139090	decreased cell population proliferation in axial ossicle	http://purl.obolibrary.org/obo/GO_0008283	cell population proliferation	http://purl.obolibrary.org/obo/XAO_0004275	axial ossicle
http://purl.obolibrary.org/obo/XPO_0139618	decreased cell population proliferation in axial region	http://purl.obolibrary.org/obo/GO_0008283	cell population proliferation	http://purl.obolibrary.org/obo/XAO_0005214	axial region
http://purl.obolibrary.org/obo/XPO_0138828	decreased cell population proliferation in axial skeleton	http://purl.obolibrary.org/obo/GO_0008283	cell population proliferation	http://purl.obolibrary.org/obo/XAO_0004011	axial skeleton
http://purl.obolibrary.org/obo/XPO_0139047	decreased cell population proliferation in barbel	http://purl.obolibrary.org/obo/GO_0008283	cell population proliferation	http://purl.obolibrary.org/obo/XAO_0004231	barbel
http://purl.obolibrary.org/obo/XPO_0138783	decreased cell population proliferation in barrier cell	http://purl.obolibrary.org/obo/GO_0008283	cell population proliferation	http://purl.obolibrary.org/obo/XAO_0003235	barrier cell
http://purl.obolibrary.org/obo/XPO_0138784	decreased cell population proliferation in barrier epithelial cell	http://purl.obolibrary.org/obo/GO_0008283	cell population proliferation	http://purl.obolibrary.org/obo/XAO_0003236	barrier epithelial cell
http://purl.obolibrary.org/obo/XPO_0139343	decreased cell population proliferation in basal forebrain	http://purl.obolibrary.org/obo/GO_0008283	cell population proliferation	http://purl.obolibrary.org/obo/XAO_0004539	basal forebrain
http://purl.obolibrary.org/obo/XPO_0139344	decreased cell population proliferation in basal ganglion	http://purl.obolibrary.org/obo/GO_0008283	cell population proliferation	http://purl.obolibrary.org/obo/XAO_0004540	basal ganglion
http://purl.obolibrary.org/obo/XPO_0138718	decreased cell population proliferation in basal lamina	http://purl.obolibrary.org/obo/GO_0008283	cell population proliferation	http://purl.obolibrary.org/obo/XAO_0003163	basal lamina
http://purl.obolibrary.org/obo/XPO_0139619	decreased cell population proliferation in basal region	http://purl.obolibrary.org/obo/GO_0008283	cell population proliferation	http://purl.obolibrary.org/obo/XAO_0005215	basal region
http://purl.obolibrary.org/obo/XPO_0139170	decreased cell population proliferation in basihyal	http://purl.obolibrary.org/obo/GO_0008283	cell population proliferation	http://purl.obolibrary.org/obo/XAO_0004358	basihyal
http://purl.obolibrary.org/obo/XPO_0138701	decreased cell population proliferation in basilar papilla	http://purl.obolibrary.org/obo/GO_0008283	cell population proliferation	http://purl.obolibrary.org/obo/XAO_0003145	basilar papilla
http://purl.obolibrary.org/obo/XPO_0139345	decreased cell population proliferation in bed nucleus of the stria terminalis	http://purl.obolibrary.org/obo/GO_0008283	cell population proliferation	http://purl.obolibrary.org/obo/XAO_0004541	bed nucleus of the stria terminalis
http://purl.obolibrary.org/obo/XPO_0139582	decreased cell population proliferation in beta cell	http://purl.obolibrary.org/obo/GO_0008283	cell population proliferation	http://purl.obolibrary.org/obo/XAO_0005165	beta cell
http://purl.obolibrary.org/obo/XPO_0138282	decreased cell population proliferation in bile duct	http://purl.obolibrary.org/obo/GO_0008283	cell population proliferation	http://purl.obolibrary.org/obo/XAO_0000134	bile duct
http://purl.obolibrary.org/obo/XPO_0138541	decreased cell population proliferation in biliary tree	http://purl.obolibrary.org/obo/GO_0008283	cell population proliferation	http://purl.obolibrary.org/obo/XAO_0000455	biliary tree
http://purl.obolibrary.org/obo/XPO_0138914	decreased cell population proliferation in bipolar neuron	http://purl.obolibrary.org/obo/GO_0008283	cell population proliferation	http://purl.obolibrary.org/obo/XAO_0004098	bipolar neuron
http://purl.obolibrary.org/obo/XPO_0138297	decreased cell population proliferation in bladder	http://purl.obolibrary.org/obo/GO_0008283	cell population proliferation	http://purl.obolibrary.org/obo/XAO_0000154	bladder
http://purl.obolibrary.org/obo/XPO_0138877	decreased cell population proliferation in blastema	http://purl.obolibrary.org/obo/GO_0008283	cell population proliferation	http://purl.obolibrary.org/obo/XAO_0004060	blastema
http://purl.obolibrary.org/obo/XPO_0138344	decreased cell population proliferation in blastocoel anlage	http://purl.obolibrary.org/obo/GO_0008283	cell population proliferation	http://purl.obolibrary.org/obo/XAO_0000206	blastocoel anlage
http://purl.obolibrary.org/obo/XPO_0139323	decreased cell population proliferation in blastocoel floor	http://purl.obolibrary.org/obo/GO_0008283	cell population proliferation	http://purl.obolibrary.org/obo/XAO_0004516	blastocoel floor
http://purl.obolibrary.org/obo/XPO_0138345	decreased cell population proliferation in blastocoel roof	http://purl.obolibrary.org/obo/GO_0008283	cell population proliferation	http://purl.obolibrary.org/obo/XAO_0000207	blastocoel roof
http://purl.obolibrary.org/obo/XPO_0138588	decreased cell population proliferation in blastomere	http://purl.obolibrary.org/obo/GO_0008283	cell population proliferation	http://purl.obolibrary.org/obo/XAO_0003016	blastomere
http://purl.obolibrary.org/obo/XPO_0139502	decreased cell population proliferation in blastomere D1	http://purl.obolibrary.org/obo/GO_0008283	cell population proliferation	http://purl.obolibrary.org/obo/XAO_0005084	blastomere D1
http://purl.obolibrary.org/obo/XPO_0139506	decreased cell population proliferation in blastomere D1.1	http://purl.obolibrary.org/obo/GO_0008283	cell population proliferation	http://purl.obolibrary.org/obo/XAO_0005088	blastomere D1.1
http://purl.obolibrary.org/obo/XPO_0139514	decreased cell population proliferation in blastomere D1.1.1	http://purl.obolibrary.org/obo/GO_0008283	cell population proliferation	http://purl.obolibrary.org/obo/XAO_0005096	blastomere D1.1.1
http://purl.obolibrary.org/obo/XPO_0139515	decreased cell population proliferation in blastomere D1.1.2	http://purl.obolibrary.org/obo/GO_0008283	cell population proliferation	http://purl.obolibrary.org/obo/XAO_0005097	blastomere D1.1.2
http://purl.obolibrary.org/obo/XPO_0139507	decreased cell population proliferation in blastomere D1.2	http://purl.obolibrary.org/obo/GO_0008283	cell population proliferation	http://purl.obolibrary.org/obo/XAO_0005089	blastomere D1.2
http://purl.obolibrary.org/obo/XPO_0139516	decreased cell population proliferation in blastomere D1.2.1	http://purl.obolibrary.org/obo/GO_0008283	cell population proliferation	http://purl.obolibrary.org/obo/XAO_0005098	blastomere D1.2.1
http://purl.obolibrary.org/obo/XPO_0139517	decreased cell population proliferation in blastomere D1.2.2	http://purl.obolibrary.org/obo/GO_0008283	cell population proliferation	http://purl.obolibrary.org/obo/XAO_0005099	blastomere D1.2.2
http://purl.obolibrary.org/obo/XPO_0139503	decreased cell population proliferation in blastomere D2	http://purl.obolibrary.org/obo/GO_0008283	cell population proliferation	http://purl.obolibrary.org/obo/XAO_0005085	blastomere D2
http://purl.obolibrary.org/obo/XPO_0139508	decreased cell population proliferation in blastomere D2.1	http://purl.obolibrary.org/obo/GO_0008283	cell population proliferation	http://purl.obolibrary.org/obo/XAO_0005090	blastomere D2.1
http://purl.obolibrary.org/obo/XPO_0139518	decreased cell population proliferation in blastomere D2.1.1	http://purl.obolibrary.org/obo/GO_0008283	cell population proliferation	http://purl.obolibrary.org/obo/XAO_0005100	blastomere D2.1.1
http://purl.obolibrary.org/obo/XPO_0139519	decreased cell population proliferation in blastomere D2.1.2	http://purl.obolibrary.org/obo/GO_0008283	cell population proliferation	http://purl.obolibrary.org/obo/XAO_0005101	blastomere D2.1.2
http://purl.obolibrary.org/obo/XPO_0139509	decreased cell population proliferation in blastomere D2.2	http://purl.obolibrary.org/obo/GO_0008283	cell population proliferation	http://purl.obolibrary.org/obo/XAO_0005091	blastomere D2.2
http://purl.obolibrary.org/obo/XPO_0139520	decreased cell population proliferation in blastomere D2.2.1	http://purl.obolibrary.org/obo/GO_0008283	cell population proliferation	http://purl.obolibrary.org/obo/XAO_0005102	blastomere D2.2.1
http://purl.obolibrary.org/obo/XPO_0139521	decreased cell population proliferation in blastomere D2.2.2	http://purl.obolibrary.org/obo/GO_0008283	cell population proliferation	http://purl.obolibrary.org/obo/XAO_0005103	blastomere D2.2.2
http://purl.obolibrary.org/obo/XPO_0139504	decreased cell population proliferation in blastomere V1	http://purl.obolibrary.org/obo/GO_0008283	cell population proliferation	http://purl.obolibrary.org/obo/XAO_0005086	blastomere V1
http://purl.obolibrary.org/obo/XPO_0139510	decreased cell population proliferation in blastomere V1.1	http://purl.obolibrary.org/obo/GO_0008283	cell population proliferation	http://purl.obolibrary.org/obo/XAO_0005092	blastomere V1.1
http://purl.obolibrary.org/obo/XPO_0139522	decreased cell population proliferation in blastomere V1.1.1	http://purl.obolibrary.org/obo/GO_0008283	cell population proliferation	http://purl.obolibrary.org/obo/XAO_0005104	blastomere V1.1.1
http://purl.obolibrary.org/obo/XPO_0139523	decreased cell population proliferation in blastomere V1.1.2	http://purl.obolibrary.org/obo/GO_0008283	cell population proliferation	http://purl.obolibrary.org/obo/XAO_0005105	blastomere V1.1.2
http://purl.obolibrary.org/obo/XPO_0139511	decreased cell population proliferation in blastomere V1.2	http://purl.obolibrary.org/obo/GO_0008283	cell population proliferation	http://purl.obolibrary.org/obo/XAO_0005093	blastomere V1.2
http://purl.obolibrary.org/obo/XPO_0139524	decreased cell population proliferation in blastomere V1.2.1	http://purl.obolibrary.org/obo/GO_0008283	cell population proliferation	http://purl.obolibrary.org/obo/XAO_0005106	blastomere V1.2.1
http://purl.obolibrary.org/obo/XPO_0139525	decreased cell population proliferation in blastomere V1.2.2	http://purl.obolibrary.org/obo/GO_0008283	cell population proliferation	http://purl.obolibrary.org/obo/XAO_0005107	blastomere V1.2.2
http://purl.obolibrary.org/obo/XPO_0139505	decreased cell population proliferation in blastomere V2	http://purl.obolibrary.org/obo/GO_0008283	cell population proliferation	http://purl.obolibrary.org/obo/XAO_0005087	blastomere V2
http://purl.obolibrary.org/obo/XPO_0139512	decreased cell population proliferation in blastomere V2.1	http://purl.obolibrary.org/obo/GO_0008283	cell population proliferation	http://purl.obolibrary.org/obo/XAO_0005094	blastomere V2.1
http://purl.obolibrary.org/obo/XPO_0139526	decreased cell population proliferation in blastomere V2.1.1	http://purl.obolibrary.org/obo/GO_0008283	cell population proliferation	http://purl.obolibrary.org/obo/XAO_0005108	blastomere V2.1.1
http://purl.obolibrary.org/obo/XPO_0139527	decreased cell population proliferation in blastomere V2.1.2	http://purl.obolibrary.org/obo/GO_0008283	cell population proliferation	http://purl.obolibrary.org/obo/XAO_0005109	blastomere V2.1.2
http://purl.obolibrary.org/obo/XPO_0139513	decreased cell population proliferation in blastomere V2.2	http://purl.obolibrary.org/obo/GO_0008283	cell population proliferation	http://purl.obolibrary.org/obo/XAO_0005095	blastomere V2.2
http://purl.obolibrary.org/obo/XPO_0139528	decreased cell population proliferation in blastomere V2.2.1	http://purl.obolibrary.org/obo/GO_0008283	cell population proliferation	http://purl.obolibrary.org/obo/XAO_0005110	blastomere V2.2.1
http://purl.obolibrary.org/obo/XPO_0139529	decreased cell population proliferation in blastomere V2.2.2	http://purl.obolibrary.org/obo/GO_0008283	cell population proliferation	http://purl.obolibrary.org/obo/XAO_0005111	blastomere V2.2.2
http://purl.obolibrary.org/obo/XPO_0138346	decreased cell population proliferation in blastopore	http://purl.obolibrary.org/obo/GO_0008283	cell population proliferation	http://purl.obolibrary.org/obo/XAO_0000208	blastopore
http://purl.obolibrary.org/obo/XPO_0138230	decreased cell population proliferation in blastopore lip	http://purl.obolibrary.org/obo/GO_0008283	cell population proliferation	http://purl.obolibrary.org/obo/XAO_0000078	blastopore lip
http://purl.obolibrary.org/obo/XPO_0138273	decreased cell population proliferation in blood	http://purl.obolibrary.org/obo/GO_0008283	cell population proliferation	http://purl.obolibrary.org/obo/XAO_0000124	blood
http://purl.obolibrary.org/obo/XPO_0138561	decreased cell population proliferation in blood vessel	http://purl.obolibrary.org/obo/GO_0008283	cell population proliferation	http://purl.obolibrary.org/obo/XAO_0001011	blood vessel
http://purl.obolibrary.org/obo/XPO_0139091	decreased cell population proliferation in bone element	http://purl.obolibrary.org/obo/GO_0008283	cell population proliferation	http://purl.obolibrary.org/obo/XAO_0004276	bone element
http://purl.obolibrary.org/obo/XPO_0138272	decreased cell population proliferation in bone marrow	http://purl.obolibrary.org/obo/GO_0008283	cell population proliferation	http://purl.obolibrary.org/obo/XAO_0000123	bone marrow
http://purl.obolibrary.org/obo/XPO_0138311	decreased cell population proliferation in bone tissue	http://purl.obolibrary.org/obo/GO_0008283	cell population proliferation	http://purl.obolibrary.org/obo/XAO_0000169	bone tissue
http://purl.obolibrary.org/obo/XPO_0138229	decreased cell population proliferation in bottle cell	http://purl.obolibrary.org/obo/GO_0008283	cell population proliferation	http://purl.obolibrary.org/obo/XAO_0000077	bottle cell
http://purl.obolibrary.org/obo/XPO_0138168	decreased cell population proliferation in brain	http://purl.obolibrary.org/obo/GO_0008283	cell population proliferation	http://purl.obolibrary.org/obo/XAO_0000010	brain
http://purl.obolibrary.org/obo/XPO_0138641	decreased cell population proliferation in braincase and otic capsule skeleton	http://purl.obolibrary.org/obo/GO_0008283	cell population proliferation	http://purl.obolibrary.org/obo/XAO_0003083	braincase and otic capsule skeleton
http://purl.obolibrary.org/obo/XPO_0138250	decreased cell population proliferation in branchial arch	http://purl.obolibrary.org/obo/GO_0008283	cell population proliferation	http://purl.obolibrary.org/obo/XAO_0000099	branchial arch
http://purl.obolibrary.org/obo/XPO_0138534	decreased cell population proliferation in branchial arch 1	http://purl.obolibrary.org/obo/GO_0008283	cell population proliferation	http://purl.obolibrary.org/obo/XAO_0000447	branchial arch 1
http://purl.obolibrary.org/obo/XPO_0138536	decreased cell population proliferation in branchial arch 2	http://purl.obolibrary.org/obo/GO_0008283	cell population proliferation	http://purl.obolibrary.org/obo/XAO_0000449	branchial arch 2
http://purl.obolibrary.org/obo/XPO_0138537	decreased cell population proliferation in branchial arch 3	http://purl.obolibrary.org/obo/GO_0008283	cell population proliferation	http://purl.obolibrary.org/obo/XAO_0000451	branchial arch 3
http://purl.obolibrary.org/obo/XPO_0138539	decreased cell population proliferation in branchial arch 4	http://purl.obolibrary.org/obo/GO_0008283	cell population proliferation	http://purl.obolibrary.org/obo/XAO_0000453	branchial arch 4
http://purl.obolibrary.org/obo/XPO_0138733	decreased cell population proliferation in branchial arch skeleton	http://purl.obolibrary.org/obo/GO_0008283	cell population proliferation	http://purl.obolibrary.org/obo/XAO_0003180	branchial arch skeleton
http://purl.obolibrary.org/obo/XPO_0138734	decreased cell population proliferation in branchial arch skeleton 1	http://purl.obolibrary.org/obo/GO_0008283	cell population proliferation	http://purl.obolibrary.org/obo/XAO_0003181	branchial arch skeleton 1
http://purl.obolibrary.org/obo/XPO_0138735	decreased cell population proliferation in branchial arch skeleton 2	http://purl.obolibrary.org/obo/GO_0008283	cell population proliferation	http://purl.obolibrary.org/obo/XAO_0003182	branchial arch skeleton 2
http://purl.obolibrary.org/obo/XPO_0138736	decreased cell population proliferation in branchial arch skeleton 3	http://purl.obolibrary.org/obo/GO_0008283	cell population proliferation	http://purl.obolibrary.org/obo/XAO_0003183	branchial arch skeleton 3
http://purl.obolibrary.org/obo/XPO_0138737	decreased cell population proliferation in branchial arch skeleton 4	http://purl.obolibrary.org/obo/GO_0008283	cell population proliferation	http://purl.obolibrary.org/obo/XAO_0003184	branchial arch skeleton 4
http://purl.obolibrary.org/obo/XPO_0139193	decreased cell population proliferation in branchial basket	http://purl.obolibrary.org/obo/GO_0008283	cell population proliferation	http://purl.obolibrary.org/obo/XAO_0004385	branchial basket
http://purl.obolibrary.org/obo/XPO_0138183	decreased cell population proliferation in branchial crest	http://purl.obolibrary.org/obo/GO_0008283	cell population proliferation	http://purl.obolibrary.org/obo/XAO_0000026	branchial crest
http://purl.obolibrary.org/obo/XPO_0139139	decreased cell population proliferation in branchial head muscle	http://purl.obolibrary.org/obo/GO_0008283	cell population proliferation	http://purl.obolibrary.org/obo/XAO_0004325	branchial head muscle
http://purl.obolibrary.org/obo/XPO_0139056	decreased cell population proliferation in branchial vein	http://purl.obolibrary.org/obo/GO_0008283	cell population proliferation	http://purl.obolibrary.org/obo/XAO_0004240	branchial vein
http://purl.obolibrary.org/obo/XPO_0138270	decreased cell population proliferation in bronchus	http://purl.obolibrary.org/obo/GO_0008283	cell population proliferation	http://purl.obolibrary.org/obo/XAO_0000121	bronchus
http://purl.obolibrary.org/obo/XPO_0139680	decreased cell population proliferation in buccopharyngeal membrane	http://purl.obolibrary.org/obo/GO_0008283	cell population proliferation	http://purl.obolibrary.org/obo/XAO_0005291	buccopharyngeal membrane
http://purl.obolibrary.org/obo/XPO_0139050	decreased cell population proliferation in bulbous arteriosis	http://purl.obolibrary.org/obo/GO_0008283	cell population proliferation	http://purl.obolibrary.org/obo/XAO_0004234	bulbous arteriosis
http://purl.obolibrary.org/obo/XPO_0138265	decreased cell population proliferation in capillary	http://purl.obolibrary.org/obo/GO_0008283	cell population proliferation	http://purl.obolibrary.org/obo/XAO_0000116	capillary
http://purl.obolibrary.org/obo/XPO_0138478	decreased cell population proliferation in capillary system of liver	http://purl.obolibrary.org/obo/GO_0008283	cell population proliferation	http://purl.obolibrary.org/obo/XAO_0000377	capillary system of liver
http://purl.obolibrary.org/obo/XPO_0139576	decreased cell population proliferation in cardia	http://purl.obolibrary.org/obo/GO_0008283	cell population proliferation	http://purl.obolibrary.org/obo/XAO_0005159	cardia
http://purl.obolibrary.org/obo/XPO_0139615	decreased cell population proliferation in cardiac atrium	http://purl.obolibrary.org/obo/GO_0008283	cell population proliferation	http://purl.obolibrary.org/obo/XAO_0005198	cardiac atrium
http://purl.obolibrary.org/obo/XPO_0138936	decreased cell population proliferation in cardiac jelly	http://purl.obolibrary.org/obo/GO_0008283	cell population proliferation	http://purl.obolibrary.org/obo/XAO_0004120	cardiac jelly
http://purl.obolibrary.org/obo/XPO_0138368	decreased cell population proliferation in cardiac mesoderm	http://purl.obolibrary.org/obo/GO_0008283	cell population proliferation	http://purl.obolibrary.org/obo/XAO_0000235	cardiac mesoderm
http://purl.obolibrary.org/obo/XPO_0138997	decreased cell population proliferation in cardiac myocyte	http://purl.obolibrary.org/obo/GO_0008283	cell population proliferation	http://purl.obolibrary.org/obo/XAO_0004181	cardiac myocyte
http://purl.obolibrary.org/obo/XPO_0139006	decreased cell population proliferation in cardiac neural crest	http://purl.obolibrary.org/obo/GO_0008283	cell population proliferation	http://purl.obolibrary.org/obo/XAO_0004190	cardiac neural crest
http://purl.obolibrary.org/obo/XPO_0138815	decreased cell population proliferation in cardiac progenitor cell	http://purl.obolibrary.org/obo/GO_0008283	cell population proliferation	http://purl.obolibrary.org/obo/XAO_0003268	cardiac progenitor cell
http://purl.obolibrary.org/obo/XPO_0138942	decreased cell population proliferation in cardiac valve	http://purl.obolibrary.org/obo/GO_0008283	cell population proliferation	http://purl.obolibrary.org/obo/XAO_0004126	cardiac valve
http://purl.obolibrary.org/obo/XPO_0138741	decreased cell population proliferation in cardiac ventricle	http://purl.obolibrary.org/obo/GO_0008283	cell population proliferation	http://purl.obolibrary.org/obo/XAO_0003193	cardiac ventricle
http://purl.obolibrary.org/obo/XPO_0138208	decreased cell population proliferation in cardinal vein	http://purl.obolibrary.org/obo/GO_0008283	cell population proliferation	http://purl.obolibrary.org/obo/XAO_0000052	cardinal vein
http://purl.obolibrary.org/obo/XPO_0138251	decreased cell population proliferation in cardiovascular system	http://purl.obolibrary.org/obo/GO_0008283	cell population proliferation	http://purl.obolibrary.org/obo/XAO_0000100	cardiovascular system
http://purl.obolibrary.org/obo/XPO_0138755	decreased cell population proliferation in carpus	http://purl.obolibrary.org/obo/GO_0008283	cell population proliferation	http://purl.obolibrary.org/obo/XAO_0003207	carpus
http://purl.obolibrary.org/obo/XPO_0138830	decreased cell population proliferation in cartilage element	http://purl.obolibrary.org/obo/GO_0008283	cell population proliferation	http://purl.obolibrary.org/obo/XAO_0004013	cartilage element
http://purl.obolibrary.org/obo/XPO_0138312	decreased cell population proliferation in cartilage tissue	http://purl.obolibrary.org/obo/GO_0008283	cell population proliferation	http://purl.obolibrary.org/obo/XAO_0000170	cartilage tissue
http://purl.obolibrary.org/obo/XPO_0138839	decreased cell population proliferation in cartilaginous condensation	http://purl.obolibrary.org/obo/GO_0008283	cell population proliferation	http://purl.obolibrary.org/obo/XAO_0004022	cartilaginous condensation
http://purl.obolibrary.org/obo/XPO_0138466	decreased cell population proliferation in caudal artery	http://purl.obolibrary.org/obo/GO_0008283	cell population proliferation	http://purl.obolibrary.org/obo/XAO_0000364	caudal artery
http://purl.obolibrary.org/obo/XPO_0139092	decreased cell population proliferation in caudal fin skeleton	http://purl.obolibrary.org/obo/GO_0008283	cell population proliferation	http://purl.obolibrary.org/obo/XAO_0004277	caudal fin skeleton
http://purl.obolibrary.org/obo/XPO_0138550	decreased cell population proliferation in caudal lateral line	http://purl.obolibrary.org/obo/GO_0008283	cell population proliferation	http://purl.obolibrary.org/obo/XAO_0000465	caudal lateral line
http://purl.obolibrary.org/obo/XPO_0139642	decreased cell population proliferation in caudal notochord	http://purl.obolibrary.org/obo/GO_0008283	cell population proliferation	http://purl.obolibrary.org/obo/XAO_0005239	caudal notochord
http://purl.obolibrary.org/obo/XPO_0139411	decreased cell population proliferation in caudal presomitic mesoderm	http://purl.obolibrary.org/obo/GO_0008283	cell population proliferation	http://purl.obolibrary.org/obo/XAO_0004619	caudal presomitic mesoderm
http://purl.obolibrary.org/obo/XPO_0139465	decreased cell population proliferation in caudal tuberal region	http://purl.obolibrary.org/obo/GO_0008283	cell population proliferation	http://purl.obolibrary.org/obo/XAO_0005046	caudal tuberal region
http://purl.obolibrary.org/obo/XPO_0138489	decreased cell population proliferation in caudal vein	http://purl.obolibrary.org/obo/GO_0008283	cell population proliferation	http://purl.obolibrary.org/obo/XAO_0000390	caudal vein
http://purl.obolibrary.org/obo/XPO_0138638	decreased cell population proliferation in caudal vertebra	http://purl.obolibrary.org/obo/GO_0008283	cell population proliferation	http://purl.obolibrary.org/obo/XAO_0003079	caudal vertebra
http://purl.obolibrary.org/obo/XPO_0138720	decreased cell population proliferation in cavitated compound organ	http://purl.obolibrary.org/obo/GO_0008283	cell population proliferation	http://purl.obolibrary.org/obo/XAO_0003165	cavitated compound organ
http://purl.obolibrary.org/obo/XPO_0138584	decreased cell population proliferation in cell	http://purl.obolibrary.org/obo/GO_0008283	cell population proliferation	http://purl.obolibrary.org/obo/XAO_0003012	cell
http://purl.obolibrary.org/obo/XPO_0139449	decreased cell population proliferation in cell body layer of the optic tectum	http://purl.obolibrary.org/obo/GO_0008283	cell population proliferation	http://purl.obolibrary.org/obo/XAO_0005030	cell body layer of the optic tectum
http://purl.obolibrary.org/obo/XPO_0138838	decreased cell population proliferation in cell condensation	http://purl.obolibrary.org/obo/GO_0008283	cell population proliferation	http://purl.obolibrary.org/obo/XAO_0004021	cell condensation
http://purl.obolibrary.org/obo/XPO_0139011	decreased cell population proliferation in cellular bone tissue	http://purl.obolibrary.org/obo/GO_0008283	cell population proliferation	http://purl.obolibrary.org/obo/XAO_0004195	cellular bone tissue
http://purl.obolibrary.org/obo/XPO_0138190	decreased cell population proliferation in cement gland	http://purl.obolibrary.org/obo/GO_0008283	cell population proliferation	http://purl.obolibrary.org/obo/XAO_0000033	cement gland
http://purl.obolibrary.org/obo/XPO_0138205	decreased cell population proliferation in cement gland primordium	http://purl.obolibrary.org/obo/GO_0008283	cell population proliferation	http://purl.obolibrary.org/obo/XAO_0000049	cement gland primordium
http://purl.obolibrary.org/obo/XPO_0138785	decreased cell population proliferation in cementoblast	http://purl.obolibrary.org/obo/GO_0008283	cell population proliferation	http://purl.obolibrary.org/obo/XAO_0003237	cementoblast
http://purl.obolibrary.org/obo/XPO_0139012	decreased cell population proliferation in cementum	http://purl.obolibrary.org/obo/GO_0008283	cell population proliferation	http://purl.obolibrary.org/obo/XAO_0004196	cementum
http://purl.obolibrary.org/obo/XPO_0139346	decreased cell population proliferation in central amygdala	http://purl.obolibrary.org/obo/GO_0008283	cell population proliferation	http://purl.obolibrary.org/obo/XAO_0004542	central amygdala
http://purl.obolibrary.org/obo/XPO_0139347	decreased cell population proliferation in central canal	http://purl.obolibrary.org/obo/GO_0008283	cell population proliferation	http://purl.obolibrary.org/obo/XAO_0004543	central canal
http://purl.obolibrary.org/obo/XPO_0138420	decreased cell population proliferation in central endoderm	http://purl.obolibrary.org/obo/GO_0008283	cell population proliferation	http://purl.obolibrary.org/obo/XAO_0000295	central endoderm
http://purl.obolibrary.org/obo/XPO_0138352	decreased cell population proliferation in central nervous system	http://purl.obolibrary.org/obo/GO_0008283	cell population proliferation	http://purl.obolibrary.org/obo/XAO_0000215	central nervous system
http://purl.obolibrary.org/obo/XPO_0139348	decreased cell population proliferation in central nucleus of the thalamus	http://purl.obolibrary.org/obo/GO_0008283	cell population proliferation	http://purl.obolibrary.org/obo/XAO_0004544	central nucleus of the thalamus
http://purl.obolibrary.org/obo/XPO_0139231	decreased cell population proliferation in central retina	http://purl.obolibrary.org/obo/GO_0008283	cell population proliferation	http://purl.obolibrary.org/obo/XAO_0004424	central retina
http://purl.obolibrary.org/obo/XPO_0139202	decreased cell population proliferation in central vegetal yolk mass	http://purl.obolibrary.org/obo/GO_0008283	cell population proliferation	http://purl.obolibrary.org/obo/XAO_0004395	central vegetal yolk mass
http://purl.obolibrary.org/obo/XPO_0139698	decreased cell population proliferation in cephalic nerve	http://purl.obolibrary.org/obo/GO_0008283	cell population proliferation	http://purl.obolibrary.org/obo/XAO_0005309	cephalic nerve
http://purl.obolibrary.org/obo/XPO_0139171	decreased cell population proliferation in ceratobranchial I	http://purl.obolibrary.org/obo/GO_0008283	cell population proliferation	http://purl.obolibrary.org/obo/XAO_0004359	ceratobranchial I
http://purl.obolibrary.org/obo/XPO_0139172	decreased cell population proliferation in ceratobranchial II	http://purl.obolibrary.org/obo/GO_0008283	cell population proliferation	http://purl.obolibrary.org/obo/XAO_0004360	ceratobranchial II
http://purl.obolibrary.org/obo/XPO_0139173	decreased cell population proliferation in ceratobranchial III	http://purl.obolibrary.org/obo/GO_0008283	cell population proliferation	http://purl.obolibrary.org/obo/XAO_0004361	ceratobranchial III
http://purl.obolibrary.org/obo/XPO_0139174	decreased cell population proliferation in ceratobranchial IV	http://purl.obolibrary.org/obo/GO_0008283	cell population proliferation	http://purl.obolibrary.org/obo/XAO_0004362	ceratobranchial IV
http://purl.obolibrary.org/obo/XPO_0139035	decreased cell population proliferation in ceratohyal	http://purl.obolibrary.org/obo/GO_0008283	cell population proliferation	http://purl.obolibrary.org/obo/XAO_0004219	ceratohyal
http://purl.obolibrary.org/obo/XPO_0138655	decreased cell population proliferation in cerebellum	http://purl.obolibrary.org/obo/GO_0008283	cell population proliferation	http://purl.obolibrary.org/obo/XAO_0003098	cerebellum
http://purl.obolibrary.org/obo/XPO_0138469	decreased cell population proliferation in cerebral artery	http://purl.obolibrary.org/obo/GO_0008283	cell population proliferation	http://purl.obolibrary.org/obo/XAO_0000367	cerebral artery
http://purl.obolibrary.org/obo/XPO_0138976	decreased cell population proliferation in cerebral vein	http://purl.obolibrary.org/obo/GO_0008283	cell population proliferation	http://purl.obolibrary.org/obo/XAO_0004160	cerebral vein
http://purl.obolibrary.org/obo/XPO_0138635	decreased cell population proliferation in cervical vertebra	http://purl.obolibrary.org/obo/GO_0008283	cell population proliferation	http://purl.obolibrary.org/obo/XAO_0003076	cervical vertebra
http://purl.obolibrary.org/obo/XPO_0138786	decreased cell population proliferation in chondroblast	http://purl.obolibrary.org/obo/GO_0008283	cell population proliferation	http://purl.obolibrary.org/obo/XAO_0003238	chondroblast
http://purl.obolibrary.org/obo/XPO_0138624	decreased cell population proliferation in chondrocranium	http://purl.obolibrary.org/obo/GO_0008283	cell population proliferation	http://purl.obolibrary.org/obo/XAO_0003059	chondrocranium
http://purl.obolibrary.org/obo/XPO_0138753	decreased cell population proliferation in chondrocyte	http://purl.obolibrary.org/obo/GO_0008283	cell population proliferation	http://purl.obolibrary.org/obo/XAO_0003205	chondrocyte
http://purl.obolibrary.org/obo/XPO_0138202	decreased cell population proliferation in chordal neural plate	http://purl.obolibrary.org/obo/GO_0008283	cell population proliferation	http://purl.obolibrary.org/obo/XAO_0000046	chordal neural plate
http://purl.obolibrary.org/obo/XPO_0138919	decreased cell population proliferation in chordal neural plate border	http://purl.obolibrary.org/obo/GO_0008283	cell population proliferation	http://purl.obolibrary.org/obo/XAO_0004103	chordal neural plate border
http://purl.obolibrary.org/obo/XPO_0138258	decreased cell population proliferation in chordoneural hinge	http://purl.obolibrary.org/obo/GO_0008283	cell population proliferation	http://purl.obolibrary.org/obo/XAO_0000108	chordoneural hinge
http://purl.obolibrary.org/obo/XPO_0139267	decreased cell population proliferation in choroid	http://purl.obolibrary.org/obo/GO_0008283	cell population proliferation	http://purl.obolibrary.org/obo/XAO_0004460	choroid
http://purl.obolibrary.org/obo/XPO_0138556	decreased cell population proliferation in choroid fissure	http://purl.obolibrary.org/obo/GO_0008283	cell population proliferation	http://purl.obolibrary.org/obo/XAO_0000474	choroid fissure
http://purl.obolibrary.org/obo/XPO_0138327	decreased cell population proliferation in ciliary body	http://purl.obolibrary.org/obo/GO_0008283	cell population proliferation	http://purl.obolibrary.org/obo/XAO_0000186	ciliary body
http://purl.obolibrary.org/obo/XPO_0138238	decreased cell population proliferation in ciliary marginal zone	http://purl.obolibrary.org/obo/GO_0008283	cell population proliferation	http://purl.obolibrary.org/obo/XAO_0000086	ciliary marginal zone
http://purl.obolibrary.org/obo/XPO_0139436	decreased cell population proliferation in ciliated cell	http://purl.obolibrary.org/obo/GO_0008283	cell population proliferation	http://purl.obolibrary.org/obo/XAO_0005017	ciliated cell
http://purl.obolibrary.org/obo/XPO_0138188	decreased cell population proliferation in ciliated epidermal cell	http://purl.obolibrary.org/obo/GO_0008283	cell population proliferation	http://purl.obolibrary.org/obo/XAO_0000031	ciliated epidermal cell
http://purl.obolibrary.org/obo/XPO_0139324	decreased cell population proliferation in ciliated non-epidermal cell	http://purl.obolibrary.org/obo/GO_0008283	cell population proliferation	http://purl.obolibrary.org/obo/XAO_0004517	ciliated non-epidermal cell
http://purl.obolibrary.org/obo/XPO_0138787	decreased cell population proliferation in circulating cell	http://purl.obolibrary.org/obo/GO_0008283	cell population proliferation	http://purl.obolibrary.org/obo/XAO_0003239	circulating cell
http://purl.obolibrary.org/obo/XPO_0138560	decreased cell population proliferation in circulatory system	http://purl.obolibrary.org/obo/GO_0008283	cell population proliferation	http://purl.obolibrary.org/obo/XAO_0001010	circulatory system
http://purl.obolibrary.org/obo/XPO_0138234	decreased cell population proliferation in circumblastoporal collar	http://purl.obolibrary.org/obo/GO_0008283	cell population proliferation	http://purl.obolibrary.org/obo/XAO_0000082	circumblastoporal collar
http://purl.obolibrary.org/obo/XPO_0139268	decreased cell population proliferation in circumpharyngeal ridge	http://purl.obolibrary.org/obo/GO_0008283	cell population proliferation	http://purl.obolibrary.org/obo/XAO_0004461	circumpharyngeal ridge
http://purl.obolibrary.org/obo/XPO_0138659	decreased cell population proliferation in claw	http://purl.obolibrary.org/obo/GO_0008283	cell population proliferation	http://purl.obolibrary.org/obo/XAO_0003103	claw
http://purl.obolibrary.org/obo/XPO_0139224	decreased cell population proliferation in claw of hindlimb digit 1	http://purl.obolibrary.org/obo/GO_0008283	cell population proliferation	http://purl.obolibrary.org/obo/XAO_0004417	claw of hindlimb digit 1
http://purl.obolibrary.org/obo/XPO_0139225	decreased cell population proliferation in claw of hindlimb digit 2	http://purl.obolibrary.org/obo/GO_0008283	cell population proliferation	http://purl.obolibrary.org/obo/XAO_0004418	claw of hindlimb digit 2
http://purl.obolibrary.org/obo/XPO_0139226	decreased cell population proliferation in claw of hindlimb digit 3	http://purl.obolibrary.org/obo/GO_0008283	cell population proliferation	http://purl.obolibrary.org/obo/XAO_0004419	claw of hindlimb digit 3
http://purl.obolibrary.org/obo/XPO_0139227	decreased cell population proliferation in claw of hindlimb digit 4	http://purl.obolibrary.org/obo/GO_0008283	cell population proliferation	http://purl.obolibrary.org/obo/XAO_0004420	claw of hindlimb digit 4
http://purl.obolibrary.org/obo/XPO_0139228	decreased cell population proliferation in claw of hindlimb digit 5	http://purl.obolibrary.org/obo/GO_0008283	cell population proliferation	http://purl.obolibrary.org/obo/XAO_0004421	claw of hindlimb digit 5
http://purl.obolibrary.org/obo/XPO_0139223	decreased cell population proliferation in claw primordium	http://purl.obolibrary.org/obo/GO_0008283	cell population proliferation	http://purl.obolibrary.org/obo/XAO_0004416	claw primordium
http://purl.obolibrary.org/obo/XPO_0139299	decreased cell population proliferation in cleavage furrow	http://purl.obolibrary.org/obo/GO_0008283	cell population proliferation	http://purl.obolibrary.org/obo/XAO_0004492	cleavage furrow
http://purl.obolibrary.org/obo/XPO_0138377	decreased cell population proliferation in cloaca	http://purl.obolibrary.org/obo/GO_0008283	cell population proliferation	http://purl.obolibrary.org/obo/XAO_0000244	cloaca
http://purl.obolibrary.org/obo/XPO_0139635	decreased cell population proliferation in cloacal sphincter	http://purl.obolibrary.org/obo/GO_0008283	cell population proliferation	http://purl.obolibrary.org/obo/XAO_0005231	cloacal sphincter
http://purl.obolibrary.org/obo/XPO_0138464	decreased cell population proliferation in coeliaco-mesenteric artery	http://purl.obolibrary.org/obo/GO_0008283	cell population proliferation	http://purl.obolibrary.org/obo/XAO_0000362	coeliaco-mesenteric artery
http://purl.obolibrary.org/obo/XPO_0138439	decreased cell population proliferation in coelomic epithelium	http://purl.obolibrary.org/obo/GO_0008283	cell population proliferation	http://purl.obolibrary.org/obo/XAO_0000329	coelomic epithelium
http://purl.obolibrary.org/obo/XPO_0138376	decreased cell population proliferation in colon	http://purl.obolibrary.org/obo/GO_0008283	cell population proliferation	http://purl.obolibrary.org/obo/XAO_0000243	colon
http://purl.obolibrary.org/obo/XPO_0139600	decreased cell population proliferation in commissural interneuron	http://purl.obolibrary.org/obo/GO_0008283	cell population proliferation	http://purl.obolibrary.org/obo/XAO_0005183	commissural interneuron
http://purl.obolibrary.org/obo/XPO_0139175	decreased cell population proliferation in commisura quadratocranialis anterior	http://purl.obolibrary.org/obo/GO_0008283	cell population proliferation	http://purl.obolibrary.org/obo/XAO_0004363	commisura quadratocranialis anterior
http://purl.obolibrary.org/obo/XPO_0138610	decreased cell population proliferation in compound organ	http://purl.obolibrary.org/obo/GO_0008283	cell population proliferation	http://purl.obolibrary.org/obo/XAO_0003041	compound organ
http://purl.obolibrary.org/obo/XPO_0138608	decreased cell population proliferation in compound organ component	http://purl.obolibrary.org/obo/GO_0008283	cell population proliferation	http://purl.obolibrary.org/obo/XAO_0003039	compound organ component
http://purl.obolibrary.org/obo/XPO_0138324	decreased cell population proliferation in conjunctiva	http://purl.obolibrary.org/obo/GO_0008283	cell population proliferation	http://purl.obolibrary.org/obo/XAO_0000182	conjunctiva
http://purl.obolibrary.org/obo/XPO_0138567	decreased cell population proliferation in connective tissue	http://purl.obolibrary.org/obo/GO_0008283	cell population proliferation	http://purl.obolibrary.org/obo/XAO_0001017	connective tissue
http://purl.obolibrary.org/obo/XPO_0139093	decreased cell population proliferation in coracoid bone	http://purl.obolibrary.org/obo/GO_0008283	cell population proliferation	http://purl.obolibrary.org/obo/XAO_0004278	coracoid bone
http://purl.obolibrary.org/obo/XPO_0138322	decreased cell population proliferation in cornea	http://purl.obolibrary.org/obo/GO_0008283	cell population proliferation	http://purl.obolibrary.org/obo/XAO_0000180	cornea
http://purl.obolibrary.org/obo/XPO_0139176	decreased cell population proliferation in cornua trabecula	http://purl.obolibrary.org/obo/GO_0008283	cell population proliferation	http://purl.obolibrary.org/obo/XAO_0004364	cornua trabecula
http://purl.obolibrary.org/obo/XPO_0138184	decreased cell population proliferation in cranial ganglion	http://purl.obolibrary.org/obo/GO_0008283	cell population proliferation	http://purl.obolibrary.org/obo/XAO_0000027	cranial ganglion
http://purl.obolibrary.org/obo/XPO_0139136	decreased cell population proliferation in cranial muscle	http://purl.obolibrary.org/obo/GO_0008283	cell population proliferation	http://purl.obolibrary.org/obo/XAO_0004322	cranial muscle
http://purl.obolibrary.org/obo/XPO_0139262	decreased cell population proliferation in cranial muscle primordium	http://purl.obolibrary.org/obo/GO_0008283	cell population proliferation	http://purl.obolibrary.org/obo/XAO_0004455	cranial muscle primordium
http://purl.obolibrary.org/obo/XPO_0138524	decreased cell population proliferation in cranial nerve	http://purl.obolibrary.org/obo/GO_0008283	cell population proliferation	http://purl.obolibrary.org/obo/XAO_0000429	cranial nerve
http://purl.obolibrary.org/obo/XPO_0138558	decreased cell population proliferation in cranial neural crest	http://purl.obolibrary.org/obo/GO_0008283	cell population proliferation	http://purl.obolibrary.org/obo/XAO_0001001	cranial neural crest
http://purl.obolibrary.org/obo/XPO_0138421	decreased cell population proliferation in cranial placode	http://purl.obolibrary.org/obo/GO_0008283	cell population proliferation	http://purl.obolibrary.org/obo/XAO_0000305	cranial placode
http://purl.obolibrary.org/obo/XPO_0139094	decreased cell population proliferation in cranial skeleton	http://purl.obolibrary.org/obo/GO_0008283	cell population proliferation	http://purl.obolibrary.org/obo/XAO_0004279	cranial skeleton
http://purl.obolibrary.org/obo/XPO_0138841	decreased cell population proliferation in craniofacial region	http://purl.obolibrary.org/obo/GO_0008283	cell population proliferation	http://purl.obolibrary.org/obo/XAO_0004024	craniofacial region
http://purl.obolibrary.org/obo/XPO_0138840	decreased cell population proliferation in craniofacial skeleton	http://purl.obolibrary.org/obo/GO_0008283	cell population proliferation	http://purl.obolibrary.org/obo/XAO_0004023	craniofacial skeleton
http://purl.obolibrary.org/obo/XPO_0138634	decreased cell population proliferation in cranium	http://purl.obolibrary.org/obo/GO_0008283	cell population proliferation	http://purl.obolibrary.org/obo/XAO_0003075	cranium
http://purl.obolibrary.org/obo/XPO_0139068	decreased cell population proliferation in cutaneous femoral vein	http://purl.obolibrary.org/obo/GO_0008283	cell population proliferation	http://purl.obolibrary.org/obo/XAO_0004252	cutaneous femoral vein
http://purl.obolibrary.org/obo/XPO_0139067	decreased cell population proliferation in cutaneous magnus	http://purl.obolibrary.org/obo/GO_0008283	cell population proliferation	http://purl.obolibrary.org/obo/XAO_0004251	cutaneous magnus
http://purl.obolibrary.org/obo/XPO_0139583	decreased cell population proliferation in delta cell	http://purl.obolibrary.org/obo/GO_0008283	cell population proliferation	http://purl.obolibrary.org/obo/XAO_0005166	delta cell
http://purl.obolibrary.org/obo/XPO_0138847	decreased cell population proliferation in dense regular connective tissue	http://purl.obolibrary.org/obo/GO_0008283	cell population proliferation	http://purl.obolibrary.org/obo/XAO_0004030	dense regular connective tissue
http://purl.obolibrary.org/obo/XPO_0138751	decreased cell population proliferation in dental epithelium	http://purl.obolibrary.org/obo/GO_0008283	cell population proliferation	http://purl.obolibrary.org/obo/XAO_0003203	dental epithelium
http://purl.obolibrary.org/obo/XPO_0138868	decreased cell population proliferation in dentine	http://purl.obolibrary.org/obo/GO_0008283	cell population proliferation	http://purl.obolibrary.org/obo/XAO_0004051	dentine
http://purl.obolibrary.org/obo/XPO_0138832	decreased cell population proliferation in dermal bone	http://purl.obolibrary.org/obo/GO_0008283	cell population proliferation	http://purl.obolibrary.org/obo/XAO_0004015	dermal bone
http://purl.obolibrary.org/obo/XPO_0138842	decreased cell population proliferation in dermal skeleton	http://purl.obolibrary.org/obo/GO_0008283	cell population proliferation	http://purl.obolibrary.org/obo/XAO_0004025	dermal skeleton
http://purl.obolibrary.org/obo/XPO_0138318	decreased cell population proliferation in dermal system	http://purl.obolibrary.org/obo/GO_0008283	cell population proliferation	http://purl.obolibrary.org/obo/XAO_0000176	dermal system
http://purl.obolibrary.org/obo/XPO_0138722	decreased cell population proliferation in dermatocranium	http://purl.obolibrary.org/obo/GO_0008283	cell population proliferation	http://purl.obolibrary.org/obo/XAO_0003169	dermatocranium
http://purl.obolibrary.org/obo/XPO_0138355	decreased cell population proliferation in dermatome	http://purl.obolibrary.org/obo/GO_0008283	cell population proliferation	http://purl.obolibrary.org/obo/XAO_0000220	dermatome
http://purl.obolibrary.org/obo/XPO_0138353	decreased cell population proliferation in dermis	http://purl.obolibrary.org/obo/GO_0008283	cell population proliferation	http://purl.obolibrary.org/obo/XAO_0000217	dermis
http://purl.obolibrary.org/obo/XPO_0139499	decreased cell population proliferation in dermomyotome	http://purl.obolibrary.org/obo/GO_0008283	cell population proliferation	http://purl.obolibrary.org/obo/XAO_0005080	dermomyotome
http://purl.obolibrary.org/obo/XPO_0139599	decreased cell population proliferation in descending interneuron	http://purl.obolibrary.org/obo/GO_0008283	cell population proliferation	http://purl.obolibrary.org/obo/XAO_0005182	descending interneuron
http://purl.obolibrary.org/obo/XPO_0139295	decreased cell population proliferation in diaphysis	http://purl.obolibrary.org/obo/GO_0008283	cell population proliferation	http://purl.obolibrary.org/obo/XAO_0004488	diaphysis
http://purl.obolibrary.org/obo/XPO_0138171	decreased cell population proliferation in diencephalon	http://purl.obolibrary.org/obo/GO_0008283	cell population proliferation	http://purl.obolibrary.org/obo/XAO_0000013	diencephalon
http://purl.obolibrary.org/obo/XPO_0138788	decreased cell population proliferation in digestive enzyme secreting cell	http://purl.obolibrary.org/obo/GO_0008283	cell population proliferation	http://purl.obolibrary.org/obo/XAO_0003240	digestive enzyme secreting cell
http://purl.obolibrary.org/obo/XPO_0138602	decreased cell population proliferation in digit	http://purl.obolibrary.org/obo/GO_0008283	cell population proliferation	http://purl.obolibrary.org/obo/XAO_0003032	digit
http://purl.obolibrary.org/obo/XPO_0139128	decreased cell population proliferation in digit-joint region	http://purl.obolibrary.org/obo/GO_0008283	cell population proliferation	http://purl.obolibrary.org/obo/XAO_0004314	digit-joint region
http://purl.obolibrary.org/obo/XPO_0138873	decreased cell population proliferation in distal mesenchyme	http://purl.obolibrary.org/obo/GO_0008283	cell population proliferation	http://purl.obolibrary.org/obo/XAO_0004056	distal mesenchyme
http://purl.obolibrary.org/obo/XPO_0139548	decreased cell population proliferation in distal stomach	http://purl.obolibrary.org/obo/GO_0008283	cell population proliferation	http://purl.obolibrary.org/obo/XAO_0005130	distal stomach
http://purl.obolibrary.org/obo/XPO_0139326	decreased cell population proliferation in distal tubule	http://purl.obolibrary.org/obo/GO_0008283	cell population proliferation	http://purl.obolibrary.org/obo/XAO_0004519	distal tubule
http://purl.obolibrary.org/obo/XPO_0139531	decreased cell population proliferation in dorsal animal hemisphere blastomere	http://purl.obolibrary.org/obo/GO_0008283	cell population proliferation	http://purl.obolibrary.org/obo/XAO_0005113	dorsal animal hemisphere blastomere
http://purl.obolibrary.org/obo/XPO_0138207	decreased cell population proliferation in dorsal aorta	http://purl.obolibrary.org/obo/GO_0008283	cell population proliferation	http://purl.obolibrary.org/obo/XAO_0000051	dorsal aorta
http://purl.obolibrary.org/obo/XPO_0139135	decreased cell population proliferation in dorsal caudal lymphatic vessel	http://purl.obolibrary.org/obo/GO_0008283	cell population proliferation	http://purl.obolibrary.org/obo/XAO_0004321	dorsal caudal lymphatic vessel
http://purl.obolibrary.org/obo/XPO_0139349	decreased cell population proliferation in dorsal column nucleus	http://purl.obolibrary.org/obo/GO_0008283	cell population proliferation	http://purl.obolibrary.org/obo/XAO_0004545	dorsal column nucleus
http://purl.obolibrary.org/obo/XPO_0139464	decreased cell population proliferation in dorsal crest of the endoderm	http://purl.obolibrary.org/obo/GO_0008283	cell population proliferation	http://purl.obolibrary.org/obo/XAO_0005045	dorsal crest of the endoderm
http://purl.obolibrary.org/obo/XPO_0139269	decreased cell population proliferation in dorsal endoderm	http://purl.obolibrary.org/obo/GO_0008283	cell population proliferation	http://purl.obolibrary.org/obo/XAO_0004462	dorsal endoderm
http://purl.obolibrary.org/obo/XPO_0139693	decreased cell population proliferation in dorsal endomesoderm	http://purl.obolibrary.org/obo/GO_0008283	cell population proliferation	http://purl.obolibrary.org/obo/XAO_0005304	dorsal endomesoderm
http://purl.obolibrary.org/obo/XPO_0138880	decreased cell population proliferation in dorsal fin	http://purl.obolibrary.org/obo/GO_0008283	cell population proliferation	http://purl.obolibrary.org/obo/XAO_0004063	dorsal fin
http://purl.obolibrary.org/obo/XPO_0138878	decreased cell population proliferation in dorsal fin margin	http://purl.obolibrary.org/obo/GO_0008283	cell population proliferation	http://purl.obolibrary.org/obo/XAO_0004061	dorsal fin margin
http://purl.obolibrary.org/obo/XPO_0139095	decreased cell population proliferation in dorsal fin skeleton	http://purl.obolibrary.org/obo/GO_0008283	cell population proliferation	http://purl.obolibrary.org/obo/XAO_0004280	dorsal fin skeleton
http://purl.obolibrary.org/obo/XPO_0139417	decreased cell population proliferation in dorsal fin vasculature	http://purl.obolibrary.org/obo/GO_0008283	cell population proliferation	http://purl.obolibrary.org/obo/XAO_0004625	dorsal fin vasculature
http://purl.obolibrary.org/obo/XPO_0139544	decreased cell population proliferation in dorsal foregut	http://purl.obolibrary.org/obo/GO_0008283	cell population proliferation	http://purl.obolibrary.org/obo/XAO_0005126	dorsal foregut
http://purl.obolibrary.org/obo/XPO_0139379	decreased cell population proliferation in dorsal funiculus	http://purl.obolibrary.org/obo/GO_0008283	cell population proliferation	http://purl.obolibrary.org/obo/XAO_0004580	dorsal funiculus
http://purl.obolibrary.org/obo/XPO_0139350	decreased cell population proliferation in dorsal habenular nucleus	http://purl.obolibrary.org/obo/GO_0008283	cell population proliferation	http://purl.obolibrary.org/obo/XAO_0004546	dorsal habenular nucleus
http://purl.obolibrary.org/obo/XPO_0138731	decreased cell population proliferation in dorsal hyoid arch skeleton	http://purl.obolibrary.org/obo/GO_0008283	cell population proliferation	http://purl.obolibrary.org/obo/XAO_0003178	dorsal hyoid arch skeleton
http://purl.obolibrary.org/obo/XPO_0139554	decreased cell population proliferation in dorsal involuting marginal zone	http://purl.obolibrary.org/obo/GO_0008283	cell population proliferation	http://purl.obolibrary.org/obo/XAO_0005136	dorsal involuting marginal zone
http://purl.obolibrary.org/obo/XPO_0138547	decreased cell population proliferation in dorsal lateral line	http://purl.obolibrary.org/obo/GO_0008283	cell population proliferation	http://purl.obolibrary.org/obo/XAO_0000462	dorsal lateral line
http://purl.obolibrary.org/obo/XPO_0139316	decreased cell population proliferation in dorsal lateral plate mesoderm	http://purl.obolibrary.org/obo/GO_0008283	cell population proliferation	http://purl.obolibrary.org/obo/XAO_0004509	dorsal lateral plate mesoderm
http://purl.obolibrary.org/obo/XPO_0138993	decreased cell population proliferation in dorsal longitudinal anastomosing vessel	http://purl.obolibrary.org/obo/GO_0008283	cell population proliferation	http://purl.obolibrary.org/obo/XAO_0004177	dorsal longitudinal anastomosing vessel
http://purl.obolibrary.org/obo/XPO_0138994	decreased cell population proliferation in dorsal longitudinal anastomosing vessel - left branch	http://purl.obolibrary.org/obo/GO_0008283	cell population proliferation	http://purl.obolibrary.org/obo/XAO_0004178	dorsal longitudinal anastomosing vessel - left branch
http://purl.obolibrary.org/obo/XPO_0138995	decreased cell population proliferation in dorsal longitudinal anastomosing vessel - right branch	http://purl.obolibrary.org/obo/GO_0008283	cell population proliferation	http://purl.obolibrary.org/obo/XAO_0004179	dorsal longitudinal anastomosing vessel - right branch
http://purl.obolibrary.org/obo/XPO_0138225	decreased cell population proliferation in dorsal marginal zone	http://purl.obolibrary.org/obo/GO_0008283	cell population proliferation	http://purl.obolibrary.org/obo/XAO_0000072	dorsal marginal zone
http://purl.obolibrary.org/obo/XPO_0139351	decreased cell population proliferation in dorsal pallidum	http://purl.obolibrary.org/obo/GO_0008283	cell population proliferation	http://purl.obolibrary.org/obo/XAO_0004547	dorsal pallidum
http://purl.obolibrary.org/obo/XPO_0139352	decreased cell population proliferation in dorsal pallium	http://purl.obolibrary.org/obo/GO_0008283	cell population proliferation	http://purl.obolibrary.org/obo/XAO_0004548	dorsal pallium
http://purl.obolibrary.org/obo/XPO_0138551	decreased cell population proliferation in dorsal pancreatic bud	http://purl.obolibrary.org/obo/GO_0008283	cell population proliferation	http://purl.obolibrary.org/obo/XAO_0000467	dorsal pancreatic bud
http://purl.obolibrary.org/obo/XPO_0139651	decreased cell population proliferation in dorsal posterior hindgut endoderm	http://purl.obolibrary.org/obo/GO_0008283	cell population proliferation	http://purl.obolibrary.org/obo/XAO_0005248	dorsal posterior hindgut endoderm
http://purl.obolibrary.org/obo/XPO_0139622	decreased cell population proliferation in dorsal region	http://purl.obolibrary.org/obo/GO_0008283	cell population proliferation	http://purl.obolibrary.org/obo/XAO_0005218	dorsal region
http://purl.obolibrary.org/obo/XPO_0139353	decreased cell population proliferation in dorsal septum	http://purl.obolibrary.org/obo/GO_0008283	cell population proliferation	http://purl.obolibrary.org/obo/XAO_0004549	dorsal septum
http://purl.obolibrary.org/obo/XPO_0139661	decreased cell population proliferation in dorsal tail	http://purl.obolibrary.org/obo/GO_0008283	cell population proliferation	http://purl.obolibrary.org/obo/XAO_0005264	dorsal tail
http://purl.obolibrary.org/obo/XPO_0138552	decreased cell population proliferation in dorsal tail fin	http://purl.obolibrary.org/obo/GO_0008283	cell population proliferation	http://purl.obolibrary.org/obo/XAO_0000469	dorsal tail fin
http://purl.obolibrary.org/obo/XPO_0139043	decreased cell population proliferation in dorsal tegmentum	http://purl.obolibrary.org/obo/GO_0008283	cell population proliferation	http://purl.obolibrary.org/obo/XAO_0004227	dorsal tegmentum
http://purl.obolibrary.org/obo/XPO_0139639	decreased cell population proliferation in dorsal telencephalon	http://purl.obolibrary.org/obo/GO_0008283	cell population proliferation	http://purl.obolibrary.org/obo/XAO_0005235	dorsal telencephalon
http://purl.obolibrary.org/obo/XPO_0139197	decreased cell population proliferation in dorsal thalamus	http://purl.obolibrary.org/obo/GO_0008283	cell population proliferation	http://purl.obolibrary.org/obo/XAO_0004390	dorsal thalamus
http://purl.obolibrary.org/obo/XPO_0139662	decreased cell population proliferation in dorsal trunk	http://purl.obolibrary.org/obo/GO_0008283	cell population proliferation	http://purl.obolibrary.org/obo/XAO_0005265	dorsal trunk
http://purl.obolibrary.org/obo/XPO_0139530	decreased cell population proliferation in dorsal vegetal hemisphere blastomere	http://purl.obolibrary.org/obo/GO_0008283	cell population proliferation	http://purl.obolibrary.org/obo/XAO_0005112	dorsal vegetal hemisphere blastomere
http://purl.obolibrary.org/obo/XPO_0138224	decreased cell population proliferation in dorso-lateral marginal zone	http://purl.obolibrary.org/obo/GO_0008283	cell population proliferation	http://purl.obolibrary.org/obo/XAO_0000071	dorso-lateral marginal zone
http://purl.obolibrary.org/obo/XPO_0139670	decreased cell population proliferation in dorso-lateral region	http://purl.obolibrary.org/obo/GO_0008283	cell population proliferation	http://purl.obolibrary.org/obo/XAO_0005281	dorso-lateral region
http://purl.obolibrary.org/obo/XPO_0139601	decreased cell population proliferation in dorsolateral ascending neuron	http://purl.obolibrary.org/obo/GO_0008283	cell population proliferation	http://purl.obolibrary.org/obo/XAO_0005184	dorsolateral ascending neuron
http://purl.obolibrary.org/obo/XPO_0139602	decreased cell population proliferation in dorsolateral commissural neuron	http://purl.obolibrary.org/obo/GO_0008283	cell population proliferation	http://purl.obolibrary.org/obo/XAO_0005185	dorsolateral commissural neuron
http://purl.obolibrary.org/obo/XPO_0139409	decreased cell population proliferation in dorsolateral neural tube	http://purl.obolibrary.org/obo/GO_0008283	cell population proliferation	http://purl.obolibrary.org/obo/XAO_0004617	dorsolateral neural tube
http://purl.obolibrary.org/obo/XPO_0138328	decreased cell population proliferation in dorsolateral placode region	http://purl.obolibrary.org/obo/GO_0008283	cell population proliferation	http://purl.obolibrary.org/obo/XAO_0000187	dorsolateral placode region
http://purl.obolibrary.org/obo/XPO_0139497	decreased cell population proliferation in dorsomedial edge of myotome	http://purl.obolibrary.org/obo/GO_0008283	cell population proliferation	http://purl.obolibrary.org/obo/XAO_0005078	dorsomedial edge of myotome
http://purl.obolibrary.org/obo/XPO_0138817	decreased cell population proliferation in duct	http://purl.obolibrary.org/obo/GO_0008283	cell population proliferation	http://purl.obolibrary.org/obo/XAO_0004000	duct
http://purl.obolibrary.org/obo/XPO_0138475	decreased cell population proliferation in duct of Cuvier	http://purl.obolibrary.org/obo/GO_0008283	cell population proliferation	http://purl.obolibrary.org/obo/XAO_0000373	duct of Cuvier
http://purl.obolibrary.org/obo/XPO_0138369	decreased cell population proliferation in duodenum	http://purl.obolibrary.org/obo/GO_0008283	cell population proliferation	http://purl.obolibrary.org/obo/XAO_0000236	duodenum
http://purl.obolibrary.org/obo/XPO_0138415	decreased cell population proliferation in early distal tubule	http://purl.obolibrary.org/obo/GO_0008283	cell population proliferation	http://purl.obolibrary.org/obo/XAO_0000287	early distal tubule
http://purl.obolibrary.org/obo/XPO_0138789	decreased cell population proliferation in early embryonic cell	http://purl.obolibrary.org/obo/GO_0008283	cell population proliferation	http://purl.obolibrary.org/obo/XAO_0003241	early embryonic cell
http://purl.obolibrary.org/obo/XPO_0138416	decreased cell population proliferation in early proximal tubule	http://purl.obolibrary.org/obo/GO_0008283	cell population proliferation	http://purl.obolibrary.org/obo/XAO_0000288	early proximal tubule
http://purl.obolibrary.org/obo/XPO_0138159	decreased cell population proliferation in ectoderm	http://purl.obolibrary.org/obo/GO_0008283	cell population proliferation	http://purl.obolibrary.org/obo/XAO_0000001	ectoderm
http://purl.obolibrary.org/obo/XPO_0138792	decreased cell population proliferation in ectodermal cell	http://purl.obolibrary.org/obo/GO_0008283	cell population proliferation	http://purl.obolibrary.org/obo/XAO_0003245	ectodermal cell
http://purl.obolibrary.org/obo/XPO_0139632	decreased cell population proliferation in efferent neuron	http://purl.obolibrary.org/obo/GO_0008283	cell population proliferation	http://purl.obolibrary.org/obo/XAO_0005228	efferent neuron
http://purl.obolibrary.org/obo/XPO_0138617	decreased cell population proliferation in egg	http://purl.obolibrary.org/obo/GO_0008283	cell population proliferation	http://purl.obolibrary.org/obo/XAO_0003048	egg
http://purl.obolibrary.org/obo/XPO_0139500	decreased cell population proliferation in egg jelly	http://purl.obolibrary.org/obo/GO_0008283	cell population proliferation	http://purl.obolibrary.org/obo/XAO_0005081	egg jelly
http://purl.obolibrary.org/obo/XPO_0139013	decreased cell population proliferation in elastic cartilage tissue	http://purl.obolibrary.org/obo/GO_0008283	cell population proliferation	http://purl.obolibrary.org/obo/XAO_0004197	elastic cartilage tissue
http://purl.obolibrary.org/obo/XPO_0138570	decreased cell population proliferation in elastica externa	http://purl.obolibrary.org/obo/GO_0008283	cell population proliferation	http://purl.obolibrary.org/obo/XAO_0001020	elastica externa
http://purl.obolibrary.org/obo/XPO_0138793	decreased cell population proliferation in electrically active cell	http://purl.obolibrary.org/obo/GO_0008283	cell population proliferation	http://purl.obolibrary.org/obo/XAO_0003246	electrically active cell
http://purl.obolibrary.org/obo/XPO_0138262	decreased cell population proliferation in embryo	http://purl.obolibrary.org/obo/GO_0008283	cell population proliferation	http://purl.obolibrary.org/obo/XAO_0000113	embryo
http://purl.obolibrary.org/obo/XPO_0139646	decreased cell population proliferation in embryonic kidney	http://purl.obolibrary.org/obo/GO_0008283	cell population proliferation	http://purl.obolibrary.org/obo/XAO_0005243	embryonic kidney
http://purl.obolibrary.org/obo/XPO_0138611	decreased cell population proliferation in embryonic structure	http://purl.obolibrary.org/obo/GO_0008283	cell population proliferation	http://purl.obolibrary.org/obo/XAO_0003042	embryonic structure
http://purl.obolibrary.org/obo/XPO_0139664	decreased cell population proliferation in embryonic thrombocyte	http://purl.obolibrary.org/obo/GO_0008283	cell population proliferation	http://purl.obolibrary.org/obo/XAO_0005267	embryonic thrombocyte
http://purl.obolibrary.org/obo/XPO_0139115	decreased cell population proliferation in eminentia thalami	http://purl.obolibrary.org/obo/GO_0008283	cell population proliferation	http://purl.obolibrary.org/obo/XAO_0004301	eminentia thalami
http://purl.obolibrary.org/obo/XPO_0139014	decreased cell population proliferation in enamel	http://purl.obolibrary.org/obo/GO_0008283	cell population proliferation	http://purl.obolibrary.org/obo/XAO_0004198	enamel
http://purl.obolibrary.org/obo/XPO_0139015	decreased cell population proliferation in enameloid	http://purl.obolibrary.org/obo/GO_0008283	cell population proliferation	http://purl.obolibrary.org/obo/XAO_0004199	enameloid
http://purl.obolibrary.org/obo/XPO_0139005	decreased cell population proliferation in endocardial cushion	http://purl.obolibrary.org/obo/GO_0008283	cell population proliferation	http://purl.obolibrary.org/obo/XAO_0004189	endocardial cushion
http://purl.obolibrary.org/obo/XPO_0138446	decreased cell population proliferation in endocardial tube	http://purl.obolibrary.org/obo/GO_0008283	cell population proliferation	http://purl.obolibrary.org/obo/XAO_0000337	endocardial tube
http://purl.obolibrary.org/obo/XPO_0138219	decreased cell population proliferation in endocardium	http://purl.obolibrary.org/obo/GO_0008283	cell population proliferation	http://purl.obolibrary.org/obo/XAO_0000066	endocardium
http://purl.obolibrary.org/obo/XPO_0138835	decreased cell population proliferation in endochondral bone	http://purl.obolibrary.org/obo/GO_0008283	cell population proliferation	http://purl.obolibrary.org/obo/XAO_0004018	endochondral bone
http://purl.obolibrary.org/obo/XPO_0138834	decreased cell population proliferation in endochondral element	http://purl.obolibrary.org/obo/GO_0008283	cell population proliferation	http://purl.obolibrary.org/obo/XAO_0004017	endochondral element
http://purl.obolibrary.org/obo/XPO_0138794	decreased cell population proliferation in endocrine cell	http://purl.obolibrary.org/obo/GO_0008283	cell population proliferation	http://purl.obolibrary.org/obo/XAO_0003247	endocrine cell
http://purl.obolibrary.org/obo/XPO_0138301	decreased cell population proliferation in endocrine system	http://purl.obolibrary.org/obo/GO_0008283	cell population proliferation	http://purl.obolibrary.org/obo/XAO_0000158	endocrine system
http://purl.obolibrary.org/obo/XPO_0138242	decreased cell population proliferation in endoderm	http://purl.obolibrary.org/obo/GO_0008283	cell population proliferation	http://purl.obolibrary.org/obo/XAO_0000090	endoderm
http://purl.obolibrary.org/obo/XPO_0138795	decreased cell population proliferation in endodermal cell	http://purl.obolibrary.org/obo/GO_0008283	cell population proliferation	http://purl.obolibrary.org/obo/XAO_0003248	endodermal cell
http://purl.obolibrary.org/obo/XPO_0139272	decreased cell population proliferation in endolymphatic duct	http://purl.obolibrary.org/obo/GO_0008283	cell population proliferation	http://purl.obolibrary.org/obo/XAO_0004465	endolymphatic duct
http://purl.obolibrary.org/obo/XPO_0138613	decreased cell population proliferation in endomesoderm	http://purl.obolibrary.org/obo/GO_0008283	cell population proliferation	http://purl.obolibrary.org/obo/XAO_0003044	endomesoderm
http://purl.obolibrary.org/obo/XPO_0138843	decreased cell population proliferation in endoskeleton	http://purl.obolibrary.org/obo/GO_0008283	cell population proliferation	http://purl.obolibrary.org/obo/XAO_0004026	endoskeleton
http://purl.obolibrary.org/obo/XPO_0138965	decreased cell population proliferation in endothelial cell	http://purl.obolibrary.org/obo/GO_0008283	cell population proliferation	http://purl.obolibrary.org/obo/XAO_0004149	endothelial cell
http://purl.obolibrary.org/obo/XPO_0139612	decreased cell population proliferation in enteric nervous system	http://purl.obolibrary.org/obo/GO_0008283	cell population proliferation	http://purl.obolibrary.org/obo/XAO_0005195	enteric nervous system
http://purl.obolibrary.org/obo/XPO_0139329	decreased cell population proliferation in enteric neuron	http://purl.obolibrary.org/obo/GO_0008283	cell population proliferation	http://purl.obolibrary.org/obo/XAO_0004523	enteric neuron
http://purl.obolibrary.org/obo/XPO_0139553	decreased cell population proliferation in enteroendocrine cell	http://purl.obolibrary.org/obo/GO_0008283	cell population proliferation	http://purl.obolibrary.org/obo/XAO_0005135	enteroendocrine cell
http://purl.obolibrary.org/obo/XPO_0138777	decreased cell population proliferation in epaxial muscle	http://purl.obolibrary.org/obo/GO_0008283	cell population proliferation	http://purl.obolibrary.org/obo/XAO_0003229	epaxial muscle
http://purl.obolibrary.org/obo/XPO_0138412	decreased cell population proliferation in epibranchial placode	http://purl.obolibrary.org/obo/GO_0008283	cell population proliferation	http://purl.obolibrary.org/obo/XAO_0000284	epibranchial placode
http://purl.obolibrary.org/obo/XPO_0139289	decreased cell population proliferation in epicardial precursor cell	http://purl.obolibrary.org/obo/GO_0008283	cell population proliferation	http://purl.obolibrary.org/obo/XAO_0004482	epicardial precursor cell
http://purl.obolibrary.org/obo/XPO_0138430	decreased cell population proliferation in epicardium	http://purl.obolibrary.org/obo/GO_0008283	cell population proliferation	http://purl.obolibrary.org/obo/XAO_0000316	epicardium
http://purl.obolibrary.org/obo/XPO_0139413	decreased cell population proliferation in epidermal cell	http://purl.obolibrary.org/obo/GO_0008283	cell population proliferation	http://purl.obolibrary.org/obo/XAO_0004621	epidermal cell
http://purl.obolibrary.org/obo/XPO_0138185	decreased cell population proliferation in epidermis	http://purl.obolibrary.org/obo/GO_0008283	cell population proliferation	http://purl.obolibrary.org/obo/XAO_0000028	epidermis
http://purl.obolibrary.org/obo/XPO_0138197	decreased cell population proliferation in epidermis inner layer	http://purl.obolibrary.org/obo/GO_0008283	cell population proliferation	http://purl.obolibrary.org/obo/XAO_0000041	epidermis inner layer
http://purl.obolibrary.org/obo/XPO_0138186	decreased cell population proliferation in epidermis outer layer	http://purl.obolibrary.org/obo/GO_0008283	cell population proliferation	http://purl.obolibrary.org/obo/XAO_0000029	epidermis outer layer
http://purl.obolibrary.org/obo/XPO_0139064	decreased cell population proliferation in epigastric artery	http://purl.obolibrary.org/obo/GO_0008283	cell population proliferation	http://purl.obolibrary.org/obo/XAO_0004248	epigastric artery
http://purl.obolibrary.org/obo/XPO_0139294	decreased cell population proliferation in epiphysis	http://purl.obolibrary.org/obo/GO_0008283	cell population proliferation	http://purl.obolibrary.org/obo/XAO_0004487	epiphysis
http://purl.obolibrary.org/obo/XPO_0138796	decreased cell population proliferation in epithelial cell	http://purl.obolibrary.org/obo/GO_0008283	cell population proliferation	http://purl.obolibrary.org/obo/XAO_0003249	epithelial cell
http://purl.obolibrary.org/obo/XPO_0138614	decreased cell population proliferation in epithelium	http://purl.obolibrary.org/obo/GO_0008283	cell population proliferation	http://purl.obolibrary.org/obo/XAO_0003045	epithelium
http://purl.obolibrary.org/obo/XPO_0139584	decreased cell population proliferation in epsilon cell	http://purl.obolibrary.org/obo/GO_0008283	cell population proliferation	http://purl.obolibrary.org/obo/XAO_0005167	epsilon cell
http://purl.obolibrary.org/obo/XPO_0138966	decreased cell population proliferation in erythroid cell	http://purl.obolibrary.org/obo/GO_0008283	cell population proliferation	http://purl.obolibrary.org/obo/XAO_0004150	erythroid cell
http://purl.obolibrary.org/obo/XPO_0139688	decreased cell population proliferation in esophageal epithelium	http://purl.obolibrary.org/obo/GO_0008283	cell population proliferation	http://purl.obolibrary.org/obo/XAO_0005299	esophageal epithelium
http://purl.obolibrary.org/obo/XPO_0138275	decreased cell population proliferation in esophagus	http://purl.obolibrary.org/obo/GO_0008283	cell population proliferation	http://purl.obolibrary.org/obo/XAO_0000127	esophagus
http://purl.obolibrary.org/obo/XPO_0139608	decreased cell population proliferation in ethmoid bone	http://purl.obolibrary.org/obo/GO_0008283	cell population proliferation	http://purl.obolibrary.org/obo/XAO_0005191	ethmoid bone
http://purl.obolibrary.org/obo/XPO_0139609	decreased cell population proliferation in ethmoid region	http://purl.obolibrary.org/obo/GO_0008283	cell population proliferation	http://purl.obolibrary.org/obo/XAO_0005192	ethmoid region
http://purl.obolibrary.org/obo/XPO_0138797	decreased cell population proliferation in exocrine cell	http://purl.obolibrary.org/obo/GO_0008283	cell population proliferation	http://purl.obolibrary.org/obo/XAO_0003250	exocrine cell
http://purl.obolibrary.org/obo/XPO_0138285	decreased cell population proliferation in exocrine pancreas	http://purl.obolibrary.org/obo/GO_0008283	cell population proliferation	http://purl.obolibrary.org/obo/XAO_0000137	exocrine pancreas
http://purl.obolibrary.org/obo/XPO_0138454	decreased cell population proliferation in external carotid artery	http://purl.obolibrary.org/obo/GO_0008283	cell population proliferation	http://purl.obolibrary.org/obo/XAO_0000345	external carotid artery
http://purl.obolibrary.org/obo/XPO_0139482	decreased cell population proliferation in external coil of the small intestine	http://purl.obolibrary.org/obo/GO_0008283	cell population proliferation	http://purl.obolibrary.org/obo/XAO_0005063	external coil of the small intestine
http://purl.obolibrary.org/obo/XPO_0138269	decreased cell population proliferation in external gill	http://purl.obolibrary.org/obo/GO_0008283	cell population proliferation	http://purl.obolibrary.org/obo/XAO_0000120	external gill
http://purl.obolibrary.org/obo/XPO_0138480	decreased cell population proliferation in external jugular vein	http://purl.obolibrary.org/obo/GO_0008283	cell population proliferation	http://purl.obolibrary.org/obo/XAO_0000379	external jugular vein
http://purl.obolibrary.org/obo/XPO_0139354	decreased cell population proliferation in external plexiform layer of the olfactory bulb	http://purl.obolibrary.org/obo/GO_0008283	cell population proliferation	http://purl.obolibrary.org/obo/XAO_0004551	external plexiform layer of the olfactory bulb
http://purl.obolibrary.org/obo/XPO_0138844	decreased cell population proliferation in extracellular matrix	http://purl.obolibrary.org/obo/GO_0008283	cell population proliferation	http://purl.obolibrary.org/obo/XAO_0004027	extracellular matrix
http://purl.obolibrary.org/obo/XPO_0138822	decreased cell population proliferation in extraembryonic structure	http://purl.obolibrary.org/obo/GO_0008283	cell population proliferation	http://purl.obolibrary.org/obo/XAO_0004005	extraembryonic structure
http://purl.obolibrary.org/obo/XPO_0138321	decreased cell population proliferation in eye	http://purl.obolibrary.org/obo/GO_0008283	cell population proliferation	http://purl.obolibrary.org/obo/XAO_0000179	eye
http://purl.obolibrary.org/obo/XPO_0139141	decreased cell population proliferation in eye muscle	http://purl.obolibrary.org/obo/GO_0008283	cell population proliferation	http://purl.obolibrary.org/obo/XAO_0004327	eye muscle
http://purl.obolibrary.org/obo/XPO_0138926	decreased cell population proliferation in eye photoreceptor cell	http://purl.obolibrary.org/obo/GO_0008283	cell population proliferation	http://purl.obolibrary.org/obo/XAO_0004110	eye photoreceptor cell
http://purl.obolibrary.org/obo/XPO_0138360	decreased cell population proliferation in eye primordium	http://purl.obolibrary.org/obo/GO_0008283	cell population proliferation	http://purl.obolibrary.org/obo/XAO_0000227	eye primordium
http://purl.obolibrary.org/obo/XPO_0139027	decreased cell population proliferation in facial epibranchial placode	http://purl.obolibrary.org/obo/GO_0008283	cell population proliferation	http://purl.obolibrary.org/obo/XAO_0004211	facial epibranchial placode
http://purl.obolibrary.org/obo/XPO_0138651	decreased cell population proliferation in facial nerve	http://purl.obolibrary.org/obo/GO_0008283	cell population proliferation	http://purl.obolibrary.org/obo/XAO_0003094	facial nerve
http://purl.obolibrary.org/obo/XPO_0139066	decreased cell population proliferation in facial vein	http://purl.obolibrary.org/obo/GO_0008283	cell population proliferation	http://purl.obolibrary.org/obo/XAO_0004250	facial vein
http://purl.obolibrary.org/obo/XPO_0139177	decreased cell population proliferation in facies hyoidis of the palatoquadrate	http://purl.obolibrary.org/obo/GO_0008283	cell population proliferation	http://purl.obolibrary.org/obo/XAO_0004366	facies hyoidis of the palatoquadrate
http://purl.obolibrary.org/obo/XPO_0138362	decreased cell population proliferation in fasciculated network of fibrils	http://purl.obolibrary.org/obo/GO_0008283	cell population proliferation	http://purl.obolibrary.org/obo/XAO_0000229	fasciculated network of fibrils
http://purl.obolibrary.org/obo/XPO_0138619	decreased cell population proliferation in fat body	http://purl.obolibrary.org/obo/GO_0008283	cell population proliferation	http://purl.obolibrary.org/obo/XAO_0003050	fat body
http://purl.obolibrary.org/obo/XPO_0138299	decreased cell population proliferation in female genitalia	http://purl.obolibrary.org/obo/GO_0008283	cell population proliferation	http://purl.obolibrary.org/obo/XAO_0000156	female genitalia
http://purl.obolibrary.org/obo/XPO_0138580	decreased cell population proliferation in female organism	http://purl.obolibrary.org/obo/GO_0008283	cell population proliferation	http://purl.obolibrary.org/obo/XAO_0003005	female organism
http://purl.obolibrary.org/obo/XPO_0139059	decreased cell population proliferation in femoral vein	http://purl.obolibrary.org/obo/GO_0008283	cell population proliferation	http://purl.obolibrary.org/obo/XAO_0004243	femoral vein
http://purl.obolibrary.org/obo/XPO_0138762	decreased cell population proliferation in femur	http://purl.obolibrary.org/obo/GO_0008283	cell population proliferation	http://purl.obolibrary.org/obo/XAO_0003214	femur
http://purl.obolibrary.org/obo/XPO_0139054	decreased cell population proliferation in femur rudiment	http://purl.obolibrary.org/obo/GO_0008283	cell population proliferation	http://purl.obolibrary.org/obo/XAO_0004238	femur rudiment
http://purl.obolibrary.org/obo/XPO_0138589	decreased cell population proliferation in fibroblast	http://purl.obolibrary.org/obo/GO_0008283	cell population proliferation	http://purl.obolibrary.org/obo/XAO_0003017	fibroblast
http://purl.obolibrary.org/obo/XPO_0138845	decreased cell population proliferation in fibrocartilage	http://purl.obolibrary.org/obo/GO_0008283	cell population proliferation	http://purl.obolibrary.org/obo/XAO_0004028	fibrocartilage
http://purl.obolibrary.org/obo/XPO_0139210	decreased cell population proliferation in fibrocellular pad	http://purl.obolibrary.org/obo/GO_0008283	cell population proliferation	http://purl.obolibrary.org/obo/XAO_0004403	fibrocellular pad
http://purl.obolibrary.org/obo/XPO_0138160	decreased cell population proliferation in fin	http://purl.obolibrary.org/obo/GO_0008283	cell population proliferation	http://purl.obolibrary.org/obo/XAO_0000002	fin
http://purl.obolibrary.org/obo/XPO_0139045	decreased cell population proliferation in fin crest	http://purl.obolibrary.org/obo/GO_0008283	cell population proliferation	http://purl.obolibrary.org/obo/XAO_0004229	fin crest
http://purl.obolibrary.org/obo/XPO_0139588	decreased cell population proliferation in fin margin	http://purl.obolibrary.org/obo/GO_0008283	cell population proliferation	http://purl.obolibrary.org/obo/XAO_0005171	fin margin
http://purl.obolibrary.org/obo/XPO_0139416	decreased cell population proliferation in fin vasculature	http://purl.obolibrary.org/obo/GO_0008283	cell population proliferation	http://purl.obolibrary.org/obo/XAO_0004624	fin vasculature
http://purl.obolibrary.org/obo/XPO_0138572	decreased cell population proliferation in first pancreatic bud	http://purl.obolibrary.org/obo/GO_0008283	cell population proliferation	http://purl.obolibrary.org/obo/XAO_0001101	first pancreatic bud
http://purl.obolibrary.org/obo/XPO_0139631	decreased cell population proliferation in flexural organ	http://purl.obolibrary.org/obo/GO_0008283	cell population proliferation	http://purl.obolibrary.org/obo/XAO_0005227	flexural organ
http://purl.obolibrary.org/obo/XPO_0138422	decreased cell population proliferation in floor plate	http://purl.obolibrary.org/obo/GO_0008283	cell population proliferation	http://purl.obolibrary.org/obo/XAO_0000306	floor plate
http://purl.obolibrary.org/obo/XPO_0138363	decreased cell population proliferation in follicle cell	http://purl.obolibrary.org/obo/GO_0008283	cell population proliferation	http://purl.obolibrary.org/obo/XAO_0000230	follicle cell
http://purl.obolibrary.org/obo/XPO_0138364	decreased cell population proliferation in follicle layer	http://purl.obolibrary.org/obo/GO_0008283	cell population proliferation	http://purl.obolibrary.org/obo/XAO_0000231	follicle layer
http://purl.obolibrary.org/obo/XPO_0139114	decreased cell population proliferation in foot	http://purl.obolibrary.org/obo/GO_0008283	cell population proliferation	http://purl.obolibrary.org/obo/XAO_0004300	foot
http://purl.obolibrary.org/obo/XPO_0139562	decreased cell population proliferation in footplate of the stapes	http://purl.obolibrary.org/obo/GO_0008283	cell population proliferation	http://purl.obolibrary.org/obo/XAO_0005144	footplate of the stapes
http://purl.obolibrary.org/obo/XPO_0138169	decreased cell population proliferation in forebrain	http://purl.obolibrary.org/obo/GO_0008283	cell population proliferation	http://purl.obolibrary.org/obo/XAO_0000011	forebrain
http://purl.obolibrary.org/obo/XPO_0139446	decreased cell population proliferation in forebrain-midbrain boundary	http://purl.obolibrary.org/obo/GO_0008283	cell population proliferation	http://purl.obolibrary.org/obo/XAO_0005027	forebrain-midbrain boundary
http://purl.obolibrary.org/obo/XPO_0138365	decreased cell population proliferation in foregut	http://purl.obolibrary.org/obo/GO_0008283	cell population proliferation	http://purl.obolibrary.org/obo/XAO_0000232	foregut
http://purl.obolibrary.org/obo/XPO_0139320	decreased cell population proliferation in foregut endoderm	http://purl.obolibrary.org/obo/GO_0008283	cell population proliferation	http://purl.obolibrary.org/obo/XAO_0004513	foregut endoderm
http://purl.obolibrary.org/obo/XPO_0139686	decreased cell population proliferation in foregut epithelium	http://purl.obolibrary.org/obo/GO_0008283	cell population proliferation	http://purl.obolibrary.org/obo/XAO_0005297	foregut epithelium
http://purl.obolibrary.org/obo/XPO_0138600	decreased cell population proliferation in forelimb	http://purl.obolibrary.org/obo/GO_0008283	cell population proliferation	http://purl.obolibrary.org/obo/XAO_0003030	forelimb
http://purl.obolibrary.org/obo/XPO_0138630	decreased cell population proliferation in forelimb bud	http://purl.obolibrary.org/obo/GO_0008283	cell population proliferation	http://purl.obolibrary.org/obo/XAO_0003065	forelimb bud
http://purl.obolibrary.org/obo/XPO_0139297	decreased cell population proliferation in forelimb bud tip	http://purl.obolibrary.org/obo/GO_0008283	cell population proliferation	http://purl.obolibrary.org/obo/XAO_0004490	forelimb bud tip
http://purl.obolibrary.org/obo/XPO_0138605	decreased cell population proliferation in forelimb digit	http://purl.obolibrary.org/obo/GO_0008283	cell population proliferation	http://purl.obolibrary.org/obo/XAO_0003036	forelimb digit
http://purl.obolibrary.org/obo/XPO_0139285	decreased cell population proliferation in forelimb digit 2	http://purl.obolibrary.org/obo/GO_0008283	cell population proliferation	http://purl.obolibrary.org/obo/XAO_0004478	forelimb digit 2
http://purl.obolibrary.org/obo/XPO_0139286	decreased cell population proliferation in forelimb digit 3	http://purl.obolibrary.org/obo/GO_0008283	cell population proliferation	http://purl.obolibrary.org/obo/XAO_0004479	forelimb digit 3
http://purl.obolibrary.org/obo/XPO_0139287	decreased cell population proliferation in forelimb digit 4	http://purl.obolibrary.org/obo/GO_0008283	cell population proliferation	http://purl.obolibrary.org/obo/XAO_0004480	forelimb digit 4
http://purl.obolibrary.org/obo/XPO_0139288	decreased cell population proliferation in forelimb digit 5	http://purl.obolibrary.org/obo/GO_0008283	cell population proliferation	http://purl.obolibrary.org/obo/XAO_0004481	forelimb digit 5
http://purl.obolibrary.org/obo/XPO_0138232	decreased cell population proliferation in forelimb region	http://purl.obolibrary.org/obo/GO_0008283	cell population proliferation	http://purl.obolibrary.org/obo/XAO_0000080	forelimb region
http://purl.obolibrary.org/obo/XPO_0138626	decreased cell population proliferation in forelimb skeleton	http://purl.obolibrary.org/obo/GO_0008283	cell population proliferation	http://purl.obolibrary.org/obo/XAO_0003061	forelimb skeleton
http://purl.obolibrary.org/obo/XPO_0139109	decreased cell population proliferation in forelimb stylopod	http://purl.obolibrary.org/obo/GO_0008283	cell population proliferation	http://purl.obolibrary.org/obo/XAO_0004295	forelimb stylopod
http://purl.obolibrary.org/obo/XPO_0139111	decreased cell population proliferation in forelimb zeugopod	http://purl.obolibrary.org/obo/GO_0008283	cell population proliferation	http://purl.obolibrary.org/obo/XAO_0004297	forelimb zeugopod
http://purl.obolibrary.org/obo/XPO_0139684	decreased cell population proliferation in frontal nerve	http://purl.obolibrary.org/obo/GO_0008283	cell population proliferation	http://purl.obolibrary.org/obo/XAO_0005295	frontal nerve
http://purl.obolibrary.org/obo/XPO_0139563	decreased cell population proliferation in fundus	http://purl.obolibrary.org/obo/GO_0008283	cell population proliferation	http://purl.obolibrary.org/obo/XAO_0005145	fundus
http://purl.obolibrary.org/obo/XPO_0138283	decreased cell population proliferation in gall bladder	http://purl.obolibrary.org/obo/GO_0008283	cell population proliferation	http://purl.obolibrary.org/obo/XAO_0000135	gall bladder
http://purl.obolibrary.org/obo/XPO_0139021	decreased cell population proliferation in gall bladder primordium	http://purl.obolibrary.org/obo/GO_0008283	cell population proliferation	http://purl.obolibrary.org/obo/XAO_0004205	gall bladder primordium
http://purl.obolibrary.org/obo/XPO_0138705	decreased cell population proliferation in gamete	http://purl.obolibrary.org/obo/GO_0008283	cell population proliferation	http://purl.obolibrary.org/obo/XAO_0003150	gamete
http://purl.obolibrary.org/obo/XPO_0139585	decreased cell population proliferation in gamma cell	http://purl.obolibrary.org/obo/GO_0008283	cell population proliferation	http://purl.obolibrary.org/obo/XAO_0005168	gamma cell
http://purl.obolibrary.org/obo/XPO_0138347	decreased cell population proliferation in ganglion	http://purl.obolibrary.org/obo/GO_0008283	cell population proliferation	http://purl.obolibrary.org/obo/XAO_0000209	ganglion
http://purl.obolibrary.org/obo/XPO_0138522	decreased cell population proliferation in gasserian ganglion	http://purl.obolibrary.org/obo/GO_0008283	cell population proliferation	http://purl.obolibrary.org/obo/XAO_0000427	gasserian ganglion
http://purl.obolibrary.org/obo/XPO_0138488	decreased cell population proliferation in gastric vein	http://purl.obolibrary.org/obo/GO_0008283	cell population proliferation	http://purl.obolibrary.org/obo/XAO_0000389	gastric vein
http://purl.obolibrary.org/obo/XPO_0138245	decreased cell population proliferation in gastrocoel roof plate	http://purl.obolibrary.org/obo/GO_0008283	cell population proliferation	http://purl.obolibrary.org/obo/XAO_0000094	gastrocoel roof plate
http://purl.obolibrary.org/obo/XPO_0138791	decreased cell population proliferation in gastrula cell	http://purl.obolibrary.org/obo/GO_0008283	cell population proliferation	http://purl.obolibrary.org/obo/XAO_0003244	gastrula cell
http://purl.obolibrary.org/obo/XPO_0138176	decreased cell population proliferation in genital ridge	http://purl.obolibrary.org/obo/GO_0008283	cell population proliferation	http://purl.obolibrary.org/obo/XAO_0000018	genital ridge
http://purl.obolibrary.org/obo/XPO_0138290	decreased cell population proliferation in genital system	http://purl.obolibrary.org/obo/GO_0008283	cell population proliferation	http://purl.obolibrary.org/obo/XAO_0000142	genital system
http://purl.obolibrary.org/obo/XPO_0138261	decreased cell population proliferation in germ cell	http://purl.obolibrary.org/obo/GO_0008283	cell population proliferation	http://purl.obolibrary.org/obo/XAO_0000111	germ cell
http://purl.obolibrary.org/obo/XPO_0138535	decreased cell population proliferation in gill primordium	http://purl.obolibrary.org/obo/GO_0008283	cell population proliferation	http://purl.obolibrary.org/obo/XAO_0000448	gill primordium
http://purl.obolibrary.org/obo/XPO_0139122	decreased cell population proliferation in glial cell	http://purl.obolibrary.org/obo/GO_0008283	cell population proliferation	http://purl.obolibrary.org/obo/XAO_0004308	glial cell
http://purl.obolibrary.org/obo/XPO_0138323	decreased cell population proliferation in globe	http://purl.obolibrary.org/obo/GO_0008283	cell population proliferation	http://purl.obolibrary.org/obo/XAO_0000181	globe
http://purl.obolibrary.org/obo/XPO_0138260	decreased cell population proliferation in glomeral mesenchyme	http://purl.obolibrary.org/obo/GO_0008283	cell population proliferation	http://purl.obolibrary.org/obo/XAO_0000110	glomeral mesenchyme
http://purl.obolibrary.org/obo/XPO_0139032	decreased cell population proliferation in glomeral nexus	http://purl.obolibrary.org/obo/GO_0008283	cell population proliferation	http://purl.obolibrary.org/obo/XAO_0004216	glomeral nexus
http://purl.obolibrary.org/obo/XPO_0139480	decreased cell population proliferation in glomerular epithelial cell	http://purl.obolibrary.org/obo/GO_0008283	cell population proliferation	http://purl.obolibrary.org/obo/XAO_0005061	glomerular epithelial cell
http://purl.obolibrary.org/obo/XPO_0139355	decreased cell population proliferation in glomerular layer of the olfactory bulb	http://purl.obolibrary.org/obo/GO_0008283	cell population proliferation	http://purl.obolibrary.org/obo/XAO_0004552	glomerular layer of the olfactory bulb
http://purl.obolibrary.org/obo/XPO_0139479	decreased cell population proliferation in glomerular mesangial cell	http://purl.obolibrary.org/obo/GO_0008283	cell population proliferation	http://purl.obolibrary.org/obo/XAO_0005060	glomerular mesangial cell
http://purl.obolibrary.org/obo/XPO_0138293	decreased cell population proliferation in glomerulus	http://purl.obolibrary.org/obo/GO_0008283	cell population proliferation	http://purl.obolibrary.org/obo/XAO_0000146	glomerulus
http://purl.obolibrary.org/obo/XPO_0138431	decreased cell population proliferation in glomus	http://purl.obolibrary.org/obo/GO_0008283	cell population proliferation	http://purl.obolibrary.org/obo/XAO_0000318	glomus
http://purl.obolibrary.org/obo/XPO_0139028	decreased cell population proliferation in glossopharyngeal epibranchial placode	http://purl.obolibrary.org/obo/GO_0008283	cell population proliferation	http://purl.obolibrary.org/obo/XAO_0004212	glossopharyngeal epibranchial placode
http://purl.obolibrary.org/obo/XPO_0138653	decreased cell population proliferation in glossopharyngeal nerve	http://purl.obolibrary.org/obo/GO_0008283	cell population proliferation	http://purl.obolibrary.org/obo/XAO_0003096	glossopharyngeal nerve
http://purl.obolibrary.org/obo/XPO_0139199	decreased cell population proliferation in goblet cell	http://purl.obolibrary.org/obo/GO_0008283	cell population proliferation	http://purl.obolibrary.org/obo/XAO_0004392	goblet cell
http://purl.obolibrary.org/obo/XPO_0138702	decreased cell population proliferation in gonad	http://purl.obolibrary.org/obo/GO_0008283	cell population proliferation	http://purl.obolibrary.org/obo/XAO_0003146	gonad
http://purl.obolibrary.org/obo/XPO_0139442	decreased cell population proliferation in granular gland	http://purl.obolibrary.org/obo/GO_0008283	cell population proliferation	http://purl.obolibrary.org/obo/XAO_0005023	granular gland
http://purl.obolibrary.org/obo/XPO_0139356	decreased cell population proliferation in granule cell	http://purl.obolibrary.org/obo/GO_0008283	cell population proliferation	http://purl.obolibrary.org/obo/XAO_0004553	granule cell
http://purl.obolibrary.org/obo/XPO_0139357	decreased cell population proliferation in granule cell layer of the cerebellum	http://purl.obolibrary.org/obo/GO_0008283	cell population proliferation	http://purl.obolibrary.org/obo/XAO_0004554	granule cell layer of the cerebellum
http://purl.obolibrary.org/obo/XPO_0139358	decreased cell population proliferation in granule cell layer of the olfactory bulb	http://purl.obolibrary.org/obo/GO_0008283	cell population proliferation	http://purl.obolibrary.org/obo/XAO_0004555	granule cell layer of the olfactory bulb
http://purl.obolibrary.org/obo/XPO_0138745	decreased cell population proliferation in gustatory system	http://purl.obolibrary.org/obo/GO_0008283	cell population proliferation	http://purl.obolibrary.org/obo/XAO_0003197	gustatory system
http://purl.obolibrary.org/obo/XPO_0138748	decreased cell population proliferation in gut epithelium	http://purl.obolibrary.org/obo/GO_0008283	cell population proliferation	http://purl.obolibrary.org/obo/XAO_0003200	gut epithelium
http://purl.obolibrary.org/obo/XPO_0139359	decreased cell population proliferation in habenula	http://purl.obolibrary.org/obo/GO_0008283	cell population proliferation	http://purl.obolibrary.org/obo/XAO_0004556	habenula
http://purl.obolibrary.org/obo/XPO_0139113	decreased cell population proliferation in hand	http://purl.obolibrary.org/obo/GO_0008283	cell population proliferation	http://purl.obolibrary.org/obo/XAO_0004299	hand
http://purl.obolibrary.org/obo/XPO_0138191	decreased cell population proliferation in hatching gland	http://purl.obolibrary.org/obo/GO_0008283	cell population proliferation	http://purl.obolibrary.org/obo/XAO_0000034	hatching gland
http://purl.obolibrary.org/obo/XPO_0138798	decreased cell population proliferation in hatching gland cell	http://purl.obolibrary.org/obo/GO_0008283	cell population proliferation	http://purl.obolibrary.org/obo/XAO_0003251	hatching gland cell
http://purl.obolibrary.org/obo/XPO_0139201	decreased cell population proliferation in hatching gland primordium	http://purl.obolibrary.org/obo/GO_0008283	cell population proliferation	http://purl.obolibrary.org/obo/XAO_0004394	hatching gland primordium
http://purl.obolibrary.org/obo/XPO_0138595	decreased cell population proliferation in head	http://purl.obolibrary.org/obo/GO_0008283	cell population proliferation	http://purl.obolibrary.org/obo/XAO_0003024	head
http://purl.obolibrary.org/obo/XPO_0138243	decreased cell population proliferation in head endoderm	http://purl.obolibrary.org/obo/GO_0008283	cell population proliferation	http://purl.obolibrary.org/obo/XAO_0000091	head endoderm
http://purl.obolibrary.org/obo/XPO_0139121	decreased cell population proliferation in head mesenchyme	http://purl.obolibrary.org/obo/GO_0008283	cell population proliferation	http://purl.obolibrary.org/obo/XAO_0004307	head mesenchyme
http://purl.obolibrary.org/obo/XPO_0138209	decreased cell population proliferation in head mesoderm	http://purl.obolibrary.org/obo/GO_0008283	cell population proliferation	http://purl.obolibrary.org/obo/XAO_0000053	head mesoderm
http://purl.obolibrary.org/obo/XPO_0138196	decreased cell population proliferation in head region	http://purl.obolibrary.org/obo/GO_0008283	cell population proliferation	http://purl.obolibrary.org/obo/XAO_0000040	head region
http://purl.obolibrary.org/obo/XPO_0138427	decreased cell population proliferation in head somite	http://purl.obolibrary.org/obo/GO_0008283	cell population proliferation	http://purl.obolibrary.org/obo/XAO_0000313	head somite
http://purl.obolibrary.org/obo/XPO_0138495	decreased cell population proliferation in head somite 1	http://purl.obolibrary.org/obo/GO_0008283	cell population proliferation	http://purl.obolibrary.org/obo/XAO_0000396	head somite 1
http://purl.obolibrary.org/obo/XPO_0138499	decreased cell population proliferation in head somite 2	http://purl.obolibrary.org/obo/GO_0008283	cell population proliferation	http://purl.obolibrary.org/obo/XAO_0000403	head somite 2
http://purl.obolibrary.org/obo/XPO_0138500	decreased cell population proliferation in head somite 3	http://purl.obolibrary.org/obo/GO_0008283	cell population proliferation	http://purl.obolibrary.org/obo/XAO_0000404	head somite 3
http://purl.obolibrary.org/obo/XPO_0138501	decreased cell population proliferation in head somite 4	http://purl.obolibrary.org/obo/GO_0008283	cell population proliferation	http://purl.obolibrary.org/obo/XAO_0000405	head somite 4
http://purl.obolibrary.org/obo/XPO_0138968	decreased cell population proliferation in head vasculature	http://purl.obolibrary.org/obo/GO_0008283	cell population proliferation	http://purl.obolibrary.org/obo/XAO_0004152	head vasculature
http://purl.obolibrary.org/obo/XPO_0138217	decreased cell population proliferation in heart	http://purl.obolibrary.org/obo/GO_0008283	cell population proliferation	http://purl.obolibrary.org/obo/XAO_0000064	heart
http://purl.obolibrary.org/obo/XPO_0138445	decreased cell population proliferation in heart primordium	http://purl.obolibrary.org/obo/GO_0008283	cell population proliferation	http://purl.obolibrary.org/obo/XAO_0000336	heart primordium
http://purl.obolibrary.org/obo/XPO_0138962	decreased cell population proliferation in hemangioblast	http://purl.obolibrary.org/obo/GO_0008283	cell population proliferation	http://purl.obolibrary.org/obo/XAO_0004146	hemangioblast
http://purl.obolibrary.org/obo/XPO_0138271	decreased cell population proliferation in hematological system	http://purl.obolibrary.org/obo/GO_0008283	cell population proliferation	http://purl.obolibrary.org/obo/XAO_0000122	hematological system
http://purl.obolibrary.org/obo/XPO_0138623	decreased cell population proliferation in hematopoietic stem cell	http://purl.obolibrary.org/obo/GO_0008283	cell population proliferation	http://purl.obolibrary.org/obo/XAO_0003055	hematopoietic stem cell
http://purl.obolibrary.org/obo/XPO_0138491	decreased cell population proliferation in hepatic portal vein	http://purl.obolibrary.org/obo/GO_0008283	cell population proliferation	http://purl.obolibrary.org/obo/XAO_0000392	hepatic portal vein
http://purl.obolibrary.org/obo/XPO_0138486	decreased cell population proliferation in hepatic vein	http://purl.obolibrary.org/obo/GO_0008283	cell population proliferation	http://purl.obolibrary.org/obo/XAO_0000387	hepatic vein
http://purl.obolibrary.org/obo/XPO_0138372	decreased cell population proliferation in hepato-pancreatic duct	http://purl.obolibrary.org/obo/GO_0008283	cell population proliferation	http://purl.obolibrary.org/obo/XAO_0000239	hepato-pancreatic duct
http://purl.obolibrary.org/obo/XPO_0139086	decreased cell population proliferation in hepato-pancreatic progenitor cell	http://purl.obolibrary.org/obo/GO_0008283	cell population proliferation	http://purl.obolibrary.org/obo/XAO_0004270	hepato-pancreatic progenitor cell
http://purl.obolibrary.org/obo/XPO_0139441	decreased cell population proliferation in hepatocyte	http://purl.obolibrary.org/obo/GO_0008283	cell population proliferation	http://purl.obolibrary.org/obo/XAO_0005022	hepatocyte
http://purl.obolibrary.org/obo/XPO_0138173	decreased cell population proliferation in hindbrain	http://purl.obolibrary.org/obo/GO_0008283	cell population proliferation	http://purl.obolibrary.org/obo/XAO_0000015	hindbrain
http://purl.obolibrary.org/obo/XPO_0138255	decreased cell population proliferation in hindgut	http://purl.obolibrary.org/obo/GO_0008283	cell population proliferation	http://purl.obolibrary.org/obo/XAO_0000104	hindgut
http://purl.obolibrary.org/obo/XPO_0139650	decreased cell population proliferation in hindgut endoderm	http://purl.obolibrary.org/obo/GO_0008283	cell population proliferation	http://purl.obolibrary.org/obo/XAO_0005247	hindgut endoderm
http://purl.obolibrary.org/obo/XPO_0139318	decreased cell population proliferation in hindgut primordium	http://purl.obolibrary.org/obo/GO_0008283	cell population proliferation	http://purl.obolibrary.org/obo/XAO_0004511	hindgut primordium
http://purl.obolibrary.org/obo/XPO_0138601	decreased cell population proliferation in hindlimb	http://purl.obolibrary.org/obo/GO_0008283	cell population proliferation	http://purl.obolibrary.org/obo/XAO_0003031	hindlimb
http://purl.obolibrary.org/obo/XPO_0138631	decreased cell population proliferation in hindlimb bud	http://purl.obolibrary.org/obo/GO_0008283	cell population proliferation	http://purl.obolibrary.org/obo/XAO_0003066	hindlimb bud
http://purl.obolibrary.org/obo/XPO_0139298	decreased cell population proliferation in hindlimb bud tip	http://purl.obolibrary.org/obo/GO_0008283	cell population proliferation	http://purl.obolibrary.org/obo/XAO_0004491	hindlimb bud tip
http://purl.obolibrary.org/obo/XPO_0138604	decreased cell population proliferation in hindlimb digit	http://purl.obolibrary.org/obo/GO_0008283	cell population proliferation	http://purl.obolibrary.org/obo/XAO_0003035	hindlimb digit
http://purl.obolibrary.org/obo/XPO_0139055	decreased cell population proliferation in hindlimb digit 1	http://purl.obolibrary.org/obo/GO_0008283	cell population proliferation	http://purl.obolibrary.org/obo/XAO_0004239	hindlimb digit 1
http://purl.obolibrary.org/obo/XPO_0139219	decreased cell population proliferation in hindlimb digit 2	http://purl.obolibrary.org/obo/GO_0008283	cell population proliferation	http://purl.obolibrary.org/obo/XAO_0004412	hindlimb digit 2
http://purl.obolibrary.org/obo/XPO_0139220	decreased cell population proliferation in hindlimb digit 3	http://purl.obolibrary.org/obo/GO_0008283	cell population proliferation	http://purl.obolibrary.org/obo/XAO_0004413	hindlimb digit 3
http://purl.obolibrary.org/obo/XPO_0139221	decreased cell population proliferation in hindlimb digit 4	http://purl.obolibrary.org/obo/GO_0008283	cell population proliferation	http://purl.obolibrary.org/obo/XAO_0004414	hindlimb digit 4
http://purl.obolibrary.org/obo/XPO_0139222	decreased cell population proliferation in hindlimb digit 5	http://purl.obolibrary.org/obo/GO_0008283	cell population proliferation	http://purl.obolibrary.org/obo/XAO_0004415	hindlimb digit 5
http://purl.obolibrary.org/obo/XPO_0138233	decreased cell population proliferation in hindlimb region	http://purl.obolibrary.org/obo/GO_0008283	cell population proliferation	http://purl.obolibrary.org/obo/XAO_0000081	hindlimb region
http://purl.obolibrary.org/obo/XPO_0138627	decreased cell population proliferation in hindlimb skeleton	http://purl.obolibrary.org/obo/GO_0008283	cell population proliferation	http://purl.obolibrary.org/obo/XAO_0003062	hindlimb skeleton
http://purl.obolibrary.org/obo/XPO_0139110	decreased cell population proliferation in hindlimb stylopod	http://purl.obolibrary.org/obo/GO_0008283	cell population proliferation	http://purl.obolibrary.org/obo/XAO_0004296	hindlimb stylopod
http://purl.obolibrary.org/obo/XPO_0139112	decreased cell population proliferation in hindlimb zeugopod	http://purl.obolibrary.org/obo/GO_0008283	cell population proliferation	http://purl.obolibrary.org/obo/XAO_0004298	hindlimb zeugopod
http://purl.obolibrary.org/obo/XPO_0138913	decreased cell population proliferation in horizontal cell	http://purl.obolibrary.org/obo/GO_0008283	cell population proliferation	http://purl.obolibrary.org/obo/XAO_0004097	horizontal cell
http://purl.obolibrary.org/obo/XPO_0138758	decreased cell population proliferation in humerus	http://purl.obolibrary.org/obo/GO_0008283	cell population proliferation	http://purl.obolibrary.org/obo/XAO_0003210	humerus
http://purl.obolibrary.org/obo/XPO_0138846	decreased cell population proliferation in hyaline cartilage tissue	http://purl.obolibrary.org/obo/GO_0008283	cell population proliferation	http://purl.obolibrary.org/obo/XAO_0004029	hyaline cartilage tissue
http://purl.obolibrary.org/obo/XPO_0138971	decreased cell population proliferation in hyaloid artery	http://purl.obolibrary.org/obo/GO_0008283	cell population proliferation	http://purl.obolibrary.org/obo/XAO_0004155	hyaloid artery
http://purl.obolibrary.org/obo/XPO_0138970	decreased cell population proliferation in hyaloid blood vessel	http://purl.obolibrary.org/obo/GO_0008283	cell population proliferation	http://purl.obolibrary.org/obo/XAO_0004154	hyaloid blood vessel
http://purl.obolibrary.org/obo/XPO_0138973	decreased cell population proliferation in hyaloid vascular plexus	http://purl.obolibrary.org/obo/GO_0008283	cell population proliferation	http://purl.obolibrary.org/obo/XAO_0004157	hyaloid vascular plexus
http://purl.obolibrary.org/obo/XPO_0138972	decreased cell population proliferation in hyaloid vein	http://purl.obolibrary.org/obo/GO_0008283	cell population proliferation	http://purl.obolibrary.org/obo/XAO_0004156	hyaloid vein
http://purl.obolibrary.org/obo/XPO_0138249	decreased cell population proliferation in hyoid arch	http://purl.obolibrary.org/obo/GO_0008283	cell population proliferation	http://purl.obolibrary.org/obo/XAO_0000098	hyoid arch
http://purl.obolibrary.org/obo/XPO_0138730	decreased cell population proliferation in hyoid arch skeleton	http://purl.obolibrary.org/obo/GO_0008283	cell population proliferation	http://purl.obolibrary.org/obo/XAO_0003177	hyoid arch skeleton
http://purl.obolibrary.org/obo/XPO_0138182	decreased cell population proliferation in hyoid crest	http://purl.obolibrary.org/obo/GO_0008283	cell population proliferation	http://purl.obolibrary.org/obo/XAO_0000025	hyoid crest
http://purl.obolibrary.org/obo/XPO_0139138	decreased cell population proliferation in hyoid head muscle	http://purl.obolibrary.org/obo/GO_0008283	cell population proliferation	http://purl.obolibrary.org/obo/XAO_0004324	hyoid head muscle
http://purl.obolibrary.org/obo/XPO_0138545	decreased cell population proliferation in hyomandibular lateral line	http://purl.obolibrary.org/obo/GO_0008283	cell population proliferation	http://purl.obolibrary.org/obo/XAO_0000460	hyomandibular lateral line
http://purl.obolibrary.org/obo/XPO_0138776	decreased cell population proliferation in hypaxial muscle	http://purl.obolibrary.org/obo/GO_0008283	cell population proliferation	http://purl.obolibrary.org/obo/XAO_0003228	hypaxial muscle
http://purl.obolibrary.org/obo/XPO_0139140	decreased cell population proliferation in hypobranchial head muscle	http://purl.obolibrary.org/obo/GO_0008283	cell population proliferation	http://purl.obolibrary.org/obo/XAO_0004326	hypobranchial head muscle
http://purl.obolibrary.org/obo/XPO_0138435	decreased cell population proliferation in hypobranchial placode	http://purl.obolibrary.org/obo/GO_0008283	cell population proliferation	http://purl.obolibrary.org/obo/XAO_0000324	hypobranchial placode
http://purl.obolibrary.org/obo/XPO_0138212	decreased cell population proliferation in hypochord	http://purl.obolibrary.org/obo/GO_0008283	cell population proliferation	http://purl.obolibrary.org/obo/XAO_0000056	hypochord
http://purl.obolibrary.org/obo/XPO_0139031	decreased cell population proliferation in hypoglossal nerve	http://purl.obolibrary.org/obo/GO_0008283	cell population proliferation	http://purl.obolibrary.org/obo/XAO_0004215	hypoglossal nerve
http://purl.obolibrary.org/obo/XPO_0138398	decreased cell population proliferation in hypophyseal primordium	http://purl.obolibrary.org/obo/GO_0008283	cell population proliferation	http://purl.obolibrary.org/obo/XAO_0000267	hypophyseal primordium
http://purl.obolibrary.org/obo/XPO_0138175	decreased cell population proliferation in hypophysis	http://purl.obolibrary.org/obo/GO_0008283	cell population proliferation	http://purl.obolibrary.org/obo/XAO_0000017	hypophysis
http://purl.obolibrary.org/obo/XPO_0138887	decreased cell population proliferation in hypothalamus	http://purl.obolibrary.org/obo/GO_0008283	cell population proliferation	http://purl.obolibrary.org/obo/XAO_0004070	hypothalamus
http://purl.obolibrary.org/obo/XPO_0138370	decreased cell population proliferation in ileum	http://purl.obolibrary.org/obo/GO_0008283	cell population proliferation	http://purl.obolibrary.org/obo/XAO_0000237	ileum
http://purl.obolibrary.org/obo/XPO_0139301	decreased cell population proliferation in iliac process	http://purl.obolibrary.org/obo/GO_0008283	cell population proliferation	http://purl.obolibrary.org/obo/XAO_0004494	iliac process
http://purl.obolibrary.org/obo/XPO_0139302	decreased cell population proliferation in iliac process primordium	http://purl.obolibrary.org/obo/GO_0008283	cell population proliferation	http://purl.obolibrary.org/obo/XAO_0004495	iliac process primordium
http://purl.obolibrary.org/obo/XPO_0139488	decreased cell population proliferation in iliofibularis	http://purl.obolibrary.org/obo/GO_0008283	cell population proliferation	http://purl.obolibrary.org/obo/XAO_0005069	iliofibularis
http://purl.obolibrary.org/obo/XPO_0139303	decreased cell population proliferation in ilium	http://purl.obolibrary.org/obo/GO_0008283	cell population proliferation	http://purl.obolibrary.org/obo/XAO_0004496	ilium
http://purl.obolibrary.org/obo/XPO_0138707	decreased cell population proliferation in immune system	http://purl.obolibrary.org/obo/GO_0008283	cell population proliferation	http://purl.obolibrary.org/obo/XAO_0003152	immune system
http://purl.obolibrary.org/obo/XPO_0138544	decreased cell population proliferation in infraorbital lateral line	http://purl.obolibrary.org/obo/GO_0008283	cell population proliferation	http://purl.obolibrary.org/obo/XAO_0000459	infraorbital lateral line
http://purl.obolibrary.org/obo/XPO_0138528	decreased cell population proliferation in infraorbital lateral line primordium	http://purl.obolibrary.org/obo/GO_0008283	cell population proliferation	http://purl.obolibrary.org/obo/XAO_0000441	infraorbital lateral line primordium
http://purl.obolibrary.org/obo/XPO_0139178	decreased cell population proliferation in infrarostral	http://purl.obolibrary.org/obo/GO_0008283	cell population proliferation	http://purl.obolibrary.org/obo/XAO_0004368	infrarostral
http://purl.obolibrary.org/obo/XPO_0139026	decreased cell population proliferation in infundibulum	http://purl.obolibrary.org/obo/GO_0008283	cell population proliferation	http://purl.obolibrary.org/obo/XAO_0004210	infundibulum
http://purl.obolibrary.org/obo/XPO_0138333	decreased cell population proliferation in inner ear	http://purl.obolibrary.org/obo/GO_0008283	cell population proliferation	http://purl.obolibrary.org/obo/XAO_0000192	inner ear
http://purl.obolibrary.org/obo/XPO_0138162	decreased cell population proliferation in inner fin	http://purl.obolibrary.org/obo/GO_0008283	cell population proliferation	http://purl.obolibrary.org/obo/XAO_0000004	inner fin
http://purl.obolibrary.org/obo/XPO_0138770	decreased cell population proliferation in inner limiting membrane	http://purl.obolibrary.org/obo/GO_0008283	cell population proliferation	http://purl.obolibrary.org/obo/XAO_0003222	inner limiting membrane
http://purl.obolibrary.org/obo/XPO_0139709	decreased cell population proliferation in intercanthal region	http://purl.obolibrary.org/obo/GO_0008283	cell population proliferation	http://purl.obolibrary.org/obo/XAO_0005321	intercanthal region
http://purl.obolibrary.org/obo/XPO_0139217	decreased cell population proliferation in interdigital mesenchyme	http://purl.obolibrary.org/obo/GO_0008283	cell population proliferation	http://purl.obolibrary.org/obo/XAO_0004410	interdigital mesenchyme
http://purl.obolibrary.org/obo/XPO_0139130	decreased cell population proliferation in interdigital region	http://purl.obolibrary.org/obo/GO_0008283	cell population proliferation	http://purl.obolibrary.org/obo/XAO_0004316	interdigital region
http://purl.obolibrary.org/obo/XPO_0139313	decreased cell population proliferation in interdigital webbing	http://purl.obolibrary.org/obo/GO_0008283	cell population proliferation	http://purl.obolibrary.org/obo/XAO_0004506	interdigital webbing
http://purl.obolibrary.org/obo/XPO_0138237	decreased cell population proliferation in intermediate mesoderm	http://purl.obolibrary.org/obo/GO_0008283	cell population proliferation	http://purl.obolibrary.org/obo/XAO_0000085	intermediate mesoderm
http://purl.obolibrary.org/obo/XPO_0138468	decreased cell population proliferation in internal carotid artery	http://purl.obolibrary.org/obo/GO_0008283	cell population proliferation	http://purl.obolibrary.org/obo/XAO_0000366	internal carotid artery
http://purl.obolibrary.org/obo/XPO_0139483	decreased cell population proliferation in internal coil of the small intestine	http://purl.obolibrary.org/obo/GO_0008283	cell population proliferation	http://purl.obolibrary.org/obo/XAO_0005064	internal coil of the small intestine
http://purl.obolibrary.org/obo/XPO_0138482	decreased cell population proliferation in internal jugular vein	http://purl.obolibrary.org/obo/GO_0008283	cell population proliferation	http://purl.obolibrary.org/obo/XAO_0000382	internal jugular vein
http://purl.obolibrary.org/obo/XPO_0139083	decreased cell population proliferation in interneuron	http://purl.obolibrary.org/obo/GO_0008283	cell population proliferation	http://purl.obolibrary.org/obo/XAO_0004267	interneuron
http://purl.obolibrary.org/obo/XPO_0138485	decreased cell population proliferation in interrenal vein	http://purl.obolibrary.org/obo/GO_0008283	cell population proliferation	http://purl.obolibrary.org/obo/XAO_0000386	interrenal vein
http://purl.obolibrary.org/obo/XPO_0138981	decreased cell population proliferation in intersomitic artery	http://purl.obolibrary.org/obo/GO_0008283	cell population proliferation	http://purl.obolibrary.org/obo/XAO_0004165	intersomitic artery
http://purl.obolibrary.org/obo/XPO_0138893	decreased cell population proliferation in intersomitic epithelium	http://purl.obolibrary.org/obo/GO_0008283	cell population proliferation	http://purl.obolibrary.org/obo/XAO_0004077	intersomitic epithelium
http://purl.obolibrary.org/obo/XPO_0138894	decreased cell population proliferation in intersomitic neuron	http://purl.obolibrary.org/obo/GO_0008283	cell population proliferation	http://purl.obolibrary.org/obo/XAO_0004078	intersomitic neuron
http://purl.obolibrary.org/obo/XPO_0138890	decreased cell population proliferation in intersomitic region	http://purl.obolibrary.org/obo/GO_0008283	cell population proliferation	http://purl.obolibrary.org/obo/XAO_0004074	intersomitic region
http://purl.obolibrary.org/obo/XPO_0138892	decreased cell population proliferation in intersomitic tendon	http://purl.obolibrary.org/obo/GO_0008283	cell population proliferation	http://purl.obolibrary.org/obo/XAO_0004076	intersomitic tendon
http://purl.obolibrary.org/obo/XPO_0138980	decreased cell population proliferation in intersomitic vein	http://purl.obolibrary.org/obo/GO_0008283	cell population proliferation	http://purl.obolibrary.org/obo/XAO_0004164	intersomitic vein
http://purl.obolibrary.org/obo/XPO_0138891	decreased cell population proliferation in intersomitic vessel	http://purl.obolibrary.org/obo/GO_0008283	cell population proliferation	http://purl.obolibrary.org/obo/XAO_0004075	intersomitic vessel
http://purl.obolibrary.org/obo/XPO_0139440	decreased cell population proliferation in interstitial cell of Leydig	http://purl.obolibrary.org/obo/GO_0008283	cell population proliferation	http://purl.obolibrary.org/obo/XAO_0005021	interstitial cell of Leydig
http://purl.obolibrary.org/obo/XPO_0139640	decreased cell population proliferation in intestinal stem cell	http://purl.obolibrary.org/obo/GO_0008283	cell population proliferation	http://purl.obolibrary.org/obo/XAO_0005236	intestinal stem cell
http://purl.obolibrary.org/obo/XPO_0138277	decreased cell population proliferation in intestine	http://purl.obolibrary.org/obo/GO_0008283	cell population proliferation	http://purl.obolibrary.org/obo/XAO_0000129	intestine
http://purl.obolibrary.org/obo/XPO_0138235	decreased cell population proliferation in involuted dorsal mesoderm	http://purl.obolibrary.org/obo/GO_0008283	cell population proliferation	http://purl.obolibrary.org/obo/XAO_0000083	involuted dorsal mesoderm
http://purl.obolibrary.org/obo/XPO_0138236	decreased cell population proliferation in involuted ventral mesoderm	http://purl.obolibrary.org/obo/GO_0008283	cell population proliferation	http://purl.obolibrary.org/obo/XAO_0000084	involuted ventral mesoderm
http://purl.obolibrary.org/obo/XPO_0138226	decreased cell population proliferation in involuting marginal zone	http://purl.obolibrary.org/obo/GO_0008283	cell population proliferation	http://purl.obolibrary.org/obo/XAO_0000074	involuting marginal zone
http://purl.obolibrary.org/obo/XPO_0138228	decreased cell population proliferation in involuting marginal zone epithelial layer	http://purl.obolibrary.org/obo/GO_0008283	cell population proliferation	http://purl.obolibrary.org/obo/XAO_0000076	involuting marginal zone epithelial layer
http://purl.obolibrary.org/obo/XPO_0138227	decreased cell population proliferation in involuting marginal zone mesenchymal layer	http://purl.obolibrary.org/obo/GO_0008283	cell population proliferation	http://purl.obolibrary.org/obo/XAO_0000075	involuting marginal zone mesenchymal layer
http://purl.obolibrary.org/obo/XPO_0138901	decreased cell population proliferation in ionocyte	http://purl.obolibrary.org/obo/GO_0008283	cell population proliferation	http://purl.obolibrary.org/obo/XAO_0004085	ionocyte
http://purl.obolibrary.org/obo/XPO_0139636	decreased cell population proliferation in ionocyte, alpha subtype	http://purl.obolibrary.org/obo/GO_0008283	cell population proliferation	http://purl.obolibrary.org/obo/XAO_0005232	ionocyte, alpha subtype
http://purl.obolibrary.org/obo/XPO_0139637	decreased cell population proliferation in ionocyte, beta subtype	http://purl.obolibrary.org/obo/GO_0008283	cell population proliferation	http://purl.obolibrary.org/obo/XAO_0005233	ionocyte, beta subtype
http://purl.obolibrary.org/obo/XPO_0138555	decreased cell population proliferation in iridophore	http://purl.obolibrary.org/obo/GO_0008283	cell population proliferation	http://purl.obolibrary.org/obo/XAO_0000472	iridophore
http://purl.obolibrary.org/obo/XPO_0138326	decreased cell population proliferation in iris	http://purl.obolibrary.org/obo/GO_0008283	cell population proliferation	http://purl.obolibrary.org/obo/XAO_0000185	iris
http://purl.obolibrary.org/obo/XPO_0139058	decreased cell population proliferation in ischiadic artery	http://purl.obolibrary.org/obo/GO_0008283	cell population proliferation	http://purl.obolibrary.org/obo/XAO_0004242	ischiadic artery
http://purl.obolibrary.org/obo/XPO_0139057	decreased cell population proliferation in ischiadic vein	http://purl.obolibrary.org/obo/GO_0008283	cell population proliferation	http://purl.obolibrary.org/obo/XAO_0004241	ischiadic vein
http://purl.obolibrary.org/obo/XPO_0139304	decreased cell population proliferation in ischium	http://purl.obolibrary.org/obo/GO_0008283	cell population proliferation	http://purl.obolibrary.org/obo/XAO_0004497	ischium
http://purl.obolibrary.org/obo/XPO_0138302	decreased cell population proliferation in islets of Langerhans	http://purl.obolibrary.org/obo/GO_0008283	cell population proliferation	http://purl.obolibrary.org/obo/XAO_0000159	islets of Langerhans
http://purl.obolibrary.org/obo/XPO_0139360	decreased cell population proliferation in isthmic nucleus	http://purl.obolibrary.org/obo/GO_0008283	cell population proliferation	http://purl.obolibrary.org/obo/XAO_0004557	isthmic nucleus
http://purl.obolibrary.org/obo/XPO_0138816	decreased cell population proliferation in jaw muscle	http://purl.obolibrary.org/obo/GO_0008283	cell population proliferation	http://purl.obolibrary.org/obo/XAO_0003269	jaw muscle
http://purl.obolibrary.org/obo/XPO_0139676	decreased cell population proliferation in jaw muscle primordium	http://purl.obolibrary.org/obo/GO_0008283	cell population proliferation	http://purl.obolibrary.org/obo/XAO_0005287	jaw muscle primordium
http://purl.obolibrary.org/obo/XPO_0138313	decreased cell population proliferation in joint	http://purl.obolibrary.org/obo/GO_0008283	cell population proliferation	http://purl.obolibrary.org/obo/XAO_0000171	joint
http://purl.obolibrary.org/obo/XPO_0139127	decreased cell population proliferation in joint region	http://purl.obolibrary.org/obo/GO_0008283	cell population proliferation	http://purl.obolibrary.org/obo/XAO_0004313	joint region
http://purl.obolibrary.org/obo/XPO_0138799	decreased cell population proliferation in keratin accumulating cell	http://purl.obolibrary.org/obo/GO_0008283	cell population proliferation	http://purl.obolibrary.org/obo/XAO_0003252	keratin accumulating cell
http://purl.obolibrary.org/obo/XPO_0139211	decreased cell population proliferation in keratinocyte	http://purl.obolibrary.org/obo/GO_0008283	cell population proliferation	http://purl.obolibrary.org/obo/XAO_0004404	keratinocyte
http://purl.obolibrary.org/obo/XPO_0138814	decreased cell population proliferation in kidney	http://purl.obolibrary.org/obo/GO_0008283	cell population proliferation	http://purl.obolibrary.org/obo/XAO_0003267	kidney
http://purl.obolibrary.org/obo/XPO_0138337	decreased cell population proliferation in lagena	http://purl.obolibrary.org/obo/GO_0008283	cell population proliferation	http://purl.obolibrary.org/obo/XAO_0000197	lagena
http://purl.obolibrary.org/obo/XPO_0138279	decreased cell population proliferation in large intestine	http://purl.obolibrary.org/obo/GO_0008283	cell population proliferation	http://purl.obolibrary.org/obo/XAO_0000131	large intestine
http://purl.obolibrary.org/obo/XPO_0139634	decreased cell population proliferation in larval alimentary system	http://purl.obolibrary.org/obo/GO_0008283	cell population proliferation	http://purl.obolibrary.org/obo/XAO_0005230	larval alimentary system
http://purl.obolibrary.org/obo/XPO_0138455	decreased cell population proliferation in larval aorta	http://purl.obolibrary.org/obo/GO_0008283	cell population proliferation	http://purl.obolibrary.org/obo/XAO_0000349	larval aorta
http://purl.obolibrary.org/obo/XPO_0138708	decreased cell population proliferation in larval immune system	http://purl.obolibrary.org/obo/GO_0008283	cell population proliferation	http://purl.obolibrary.org/obo/XAO_0003153	larval immune system
http://purl.obolibrary.org/obo/XPO_0139424	decreased cell population proliferation in larval intestinal epithelium	http://purl.obolibrary.org/obo/GO_0008283	cell population proliferation	http://purl.obolibrary.org/obo/XAO_0005003	larval intestinal epithelium
http://purl.obolibrary.org/obo/XPO_0139163	decreased cell population proliferation in laryngeal muscle	http://purl.obolibrary.org/obo/GO_0008283	cell population proliferation	http://purl.obolibrary.org/obo/XAO_0004351	laryngeal muscle
http://purl.obolibrary.org/obo/XPO_0139255	decreased cell population proliferation in laryngeal muscle primordium	http://purl.obolibrary.org/obo/GO_0008283	cell population proliferation	http://purl.obolibrary.org/obo/XAO_0004448	laryngeal muscle primordium
http://purl.obolibrary.org/obo/XPO_0138640	decreased cell population proliferation in larynx	http://purl.obolibrary.org/obo/GO_0008283	cell population proliferation	http://purl.obolibrary.org/obo/XAO_0003081	larynx
http://purl.obolibrary.org/obo/XPO_0138417	decreased cell population proliferation in late distal tubule	http://purl.obolibrary.org/obo/GO_0008283	cell population proliferation	http://purl.obolibrary.org/obo/XAO_0000289	late distal tubule
http://purl.obolibrary.org/obo/XPO_0138414	decreased cell population proliferation in late proximal tubule	http://purl.obolibrary.org/obo/GO_0008283	cell population proliferation	http://purl.obolibrary.org/obo/XAO_0000286	late proximal tubule
http://purl.obolibrary.org/obo/XPO_0139044	decreased cell population proliferation in lateral abdominal vein	http://purl.obolibrary.org/obo/GO_0008283	cell population proliferation	http://purl.obolibrary.org/obo/XAO_0004228	lateral abdominal vein
http://purl.obolibrary.org/obo/XPO_0139361	decreased cell population proliferation in lateral amygdala	http://purl.obolibrary.org/obo/GO_0008283	cell population proliferation	http://purl.obolibrary.org/obo/XAO_0004558	lateral amygdala
http://purl.obolibrary.org/obo/XPO_0138947	decreased cell population proliferation in lateral crista	http://purl.obolibrary.org/obo/GO_0008283	cell population proliferation	http://purl.obolibrary.org/obo/XAO_0004131	lateral crista
http://purl.obolibrary.org/obo/XPO_0139362	decreased cell population proliferation in lateral forebrain bundle	http://purl.obolibrary.org/obo/GO_0008283	cell population proliferation	http://purl.obolibrary.org/obo/XAO_0004559	lateral forebrain bundle
http://purl.obolibrary.org/obo/XPO_0139363	decreased cell population proliferation in lateral funiculus	http://purl.obolibrary.org/obo/GO_0008283	cell population proliferation	http://purl.obolibrary.org/obo/XAO_0004560	lateral funiculus
http://purl.obolibrary.org/obo/XPO_0139053	decreased cell population proliferation in lateral ganglionic eminence	http://purl.obolibrary.org/obo/GO_0008283	cell population proliferation	http://purl.obolibrary.org/obo/XAO_0004237	lateral ganglionic eminence
http://purl.obolibrary.org/obo/XPO_0139364	decreased cell population proliferation in lateral hypothalamic nucleus	http://purl.obolibrary.org/obo/GO_0008283	cell population proliferation	http://purl.obolibrary.org/obo/XAO_0004562	lateral hypothalamic nucleus
http://purl.obolibrary.org/obo/XPO_0138819	decreased cell population proliferation in lateral line	http://purl.obolibrary.org/obo/GO_0008283	cell population proliferation	http://purl.obolibrary.org/obo/XAO_0004002	lateral line
http://purl.obolibrary.org/obo/XPO_0139264	decreased cell population proliferation in lateral line ganglion	http://purl.obolibrary.org/obo/GO_0008283	cell population proliferation	http://purl.obolibrary.org/obo/XAO_0004457	lateral line ganglion
http://purl.obolibrary.org/obo/XPO_0138527	decreased cell population proliferation in lateral line placode	http://purl.obolibrary.org/obo/GO_0008283	cell population proliferation	http://purl.obolibrary.org/obo/XAO_0000440	lateral line placode
http://purl.obolibrary.org/obo/XPO_0139218	decreased cell population proliferation in lateral line primordium	http://purl.obolibrary.org/obo/GO_0008283	cell population proliferation	http://purl.obolibrary.org/obo/XAO_0004411	lateral line primordium
http://purl.obolibrary.org/obo/XPO_0138246	decreased cell population proliferation in lateral line system	http://purl.obolibrary.org/obo/GO_0008283	cell population proliferation	http://purl.obolibrary.org/obo/XAO_0000095	lateral line system
http://purl.obolibrary.org/obo/XPO_0139610	decreased cell population proliferation in lateral nasal prominence	http://purl.obolibrary.org/obo/GO_0008283	cell population proliferation	http://purl.obolibrary.org/obo/XAO_0005193	lateral nasal prominence
http://purl.obolibrary.org/obo/XPO_0139365	decreased cell population proliferation in lateral pallium	http://purl.obolibrary.org/obo/GO_0008283	cell population proliferation	http://purl.obolibrary.org/obo/XAO_0004563	lateral pallium
http://purl.obolibrary.org/obo/XPO_0138426	decreased cell population proliferation in lateral plate mesoderm	http://purl.obolibrary.org/obo/GO_0008283	cell population proliferation	http://purl.obolibrary.org/obo/XAO_0000311	lateral plate mesoderm
http://purl.obolibrary.org/obo/XPO_0138481	decreased cell population proliferation in lateral postcardinal vein	http://purl.obolibrary.org/obo/GO_0008283	cell population proliferation	http://purl.obolibrary.org/obo/XAO_0000380	lateral postcardinal vein
http://purl.obolibrary.org/obo/XPO_0139614	decreased cell population proliferation in lateral preplacodal ectoderm	http://purl.obolibrary.org/obo/GO_0008283	cell population proliferation	http://purl.obolibrary.org/obo/XAO_0005197	lateral preplacodal ectoderm
http://purl.obolibrary.org/obo/XPO_0139460	decreased cell population proliferation in lateral semicircular canal	http://purl.obolibrary.org/obo/GO_0008283	cell population proliferation	http://purl.obolibrary.org/obo/XAO_0005041	lateral semicircular canal
http://purl.obolibrary.org/obo/XPO_0139366	decreased cell population proliferation in lateral septum	http://purl.obolibrary.org/obo/GO_0008283	cell population proliferation	http://purl.obolibrary.org/obo/XAO_0004564	lateral septum
http://purl.obolibrary.org/obo/XPO_0139071	decreased cell population proliferation in lateral vein	http://purl.obolibrary.org/obo/GO_0008283	cell population proliferation	http://purl.obolibrary.org/obo/XAO_0004255	lateral vein
http://purl.obolibrary.org/obo/XPO_0139367	decreased cell population proliferation in laterodorsal tegmental nucleus	http://purl.obolibrary.org/obo/GO_0008283	cell population proliferation	http://purl.obolibrary.org/obo/XAO_0004565	laterodorsal tegmental nucleus
http://purl.obolibrary.org/obo/XPO_0138739	decreased cell population proliferation in left atrium	http://purl.obolibrary.org/obo/GO_0008283	cell population proliferation	http://purl.obolibrary.org/obo/XAO_0003191	left atrium
http://purl.obolibrary.org/obo/XPO_0139589	decreased cell population proliferation in left blastomere	http://purl.obolibrary.org/obo/GO_0008283	cell population proliferation	http://purl.obolibrary.org/obo/XAO_0005172	left blastomere
http://purl.obolibrary.org/obo/XPO_0138448	decreased cell population proliferation in left channel of ventral aorta	http://purl.obolibrary.org/obo/GO_0008283	cell population proliferation	http://purl.obolibrary.org/obo/XAO_0000339	left channel of ventral aorta
http://purl.obolibrary.org/obo/XPO_0138474	decreased cell population proliferation in left lymph heart	http://purl.obolibrary.org/obo/GO_0008283	cell population proliferation	http://purl.obolibrary.org/obo/XAO_0000372	left lymph heart
http://purl.obolibrary.org/obo/XPO_0138982	decreased cell population proliferation in left omphalomesenteric vein	http://purl.obolibrary.org/obo/GO_0008283	cell population proliferation	http://purl.obolibrary.org/obo/XAO_0004166	left omphalomesenteric vein
http://purl.obolibrary.org/obo/XPO_0139667	decreased cell population proliferation in left optic vesicle	http://purl.obolibrary.org/obo/GO_0008283	cell population proliferation	http://purl.obolibrary.org/obo/XAO_0005276	left optic vesicle
http://purl.obolibrary.org/obo/XPO_0138436	decreased cell population proliferation in left spleen primordium	http://purl.obolibrary.org/obo/GO_0008283	cell population proliferation	http://purl.obolibrary.org/obo/XAO_0000326	left spleen primordium
http://purl.obolibrary.org/obo/XPO_0139591	decreased cell population proliferation in left-dorsal blastomere	http://purl.obolibrary.org/obo/GO_0008283	cell population proliferation	http://purl.obolibrary.org/obo/XAO_0005174	left-dorsal blastomere
http://purl.obolibrary.org/obo/XPO_0139587	decreased cell population proliferation in left-right organizer	http://purl.obolibrary.org/obo/GO_0008283	cell population proliferation	http://purl.obolibrary.org/obo/XAO_0005170	left-right organizer
http://purl.obolibrary.org/obo/XPO_0139586	decreased cell population proliferation in left-right organizer primordium	http://purl.obolibrary.org/obo/GO_0008283	cell population proliferation	http://purl.obolibrary.org/obo/XAO_0005169	left-right organizer primordium
http://purl.obolibrary.org/obo/XPO_0139593	decreased cell population proliferation in left-ventral blastomere	http://purl.obolibrary.org/obo/GO_0008283	cell population proliferation	http://purl.obolibrary.org/obo/XAO_0005176	left-ventral blastomere
http://purl.obolibrary.org/obo/XPO_0138166	decreased cell population proliferation in lens	http://purl.obolibrary.org/obo/GO_0008283	cell population proliferation	http://purl.obolibrary.org/obo/XAO_0000008	lens
http://purl.obolibrary.org/obo/XPO_0138910	decreased cell population proliferation in lens epithelium	http://purl.obolibrary.org/obo/GO_0008283	cell population proliferation	http://purl.obolibrary.org/obo/XAO_0004094	lens epithelium
http://purl.obolibrary.org/obo/XPO_0138912	decreased cell population proliferation in lens fiber cell mass	http://purl.obolibrary.org/obo/GO_0008283	cell population proliferation	http://purl.obolibrary.org/obo/XAO_0004096	lens fiber cell mass
http://purl.obolibrary.org/obo/XPO_0138373	decreased cell population proliferation in lens placode	http://purl.obolibrary.org/obo/GO_0008283	cell population proliferation	http://purl.obolibrary.org/obo/XAO_0000240	lens placode
http://purl.obolibrary.org/obo/XPO_0138911	decreased cell population proliferation in lens transitional zone	http://purl.obolibrary.org/obo/GO_0008283	cell population proliferation	http://purl.obolibrary.org/obo/XAO_0004095	lens transitional zone
http://purl.obolibrary.org/obo/XPO_0138848	decreased cell population proliferation in ligament	http://purl.obolibrary.org/obo/GO_0008283	cell population proliferation	http://purl.obolibrary.org/obo/XAO_0004031	ligament
http://purl.obolibrary.org/obo/XPO_0138800	decreased cell population proliferation in ligament cell	http://purl.obolibrary.org/obo/GO_0008283	cell population proliferation	http://purl.obolibrary.org/obo/XAO_0003253	ligament cell
http://purl.obolibrary.org/obo/XPO_0138598	decreased cell population proliferation in limb	http://purl.obolibrary.org/obo/GO_0008283	cell population proliferation	http://purl.obolibrary.org/obo/XAO_0003027	limb
http://purl.obolibrary.org/obo/XPO_0138716	decreased cell population proliferation in limb bud	http://purl.obolibrary.org/obo/GO_0008283	cell population proliferation	http://purl.obolibrary.org/obo/XAO_0003161	limb bud
http://purl.obolibrary.org/obo/XPO_0139108	decreased cell population proliferation in limb segment	http://purl.obolibrary.org/obo/GO_0008283	cell population proliferation	http://purl.obolibrary.org/obo/XAO_0004294	limb segment
http://purl.obolibrary.org/obo/XPO_0138281	decreased cell population proliferation in liver	http://purl.obolibrary.org/obo/GO_0008283	cell population proliferation	http://purl.obolibrary.org/obo/XAO_0000133	liver
http://purl.obolibrary.org/obo/XPO_0138280	decreased cell population proliferation in liver and biliary system	http://purl.obolibrary.org/obo/GO_0008283	cell population proliferation	http://purl.obolibrary.org/obo/XAO_0000132	liver and biliary system
http://purl.obolibrary.org/obo/XPO_0138252	decreased cell population proliferation in liver diverticulum	http://purl.obolibrary.org/obo/GO_0008283	cell population proliferation	http://purl.obolibrary.org/obo/XAO_0000101	liver diverticulum
http://purl.obolibrary.org/obo/XPO_0138540	decreased cell population proliferation in liver parenchyme	http://purl.obolibrary.org/obo/GO_0008283	cell population proliferation	http://purl.obolibrary.org/obo/XAO_0000454	liver parenchyme
http://purl.obolibrary.org/obo/XPO_0138813	decreased cell population proliferation in liver primordium	http://purl.obolibrary.org/obo/GO_0008283	cell population proliferation	http://purl.obolibrary.org/obo/XAO_0003266	liver primordium
http://purl.obolibrary.org/obo/XPO_0139368	decreased cell population proliferation in locus coeruleus	http://purl.obolibrary.org/obo/GO_0008283	cell population proliferation	http://purl.obolibrary.org/obo/XAO_0004566	locus coeruleus
http://purl.obolibrary.org/obo/XPO_0138241	decreased cell population proliferation in lower blastopore lip	http://purl.obolibrary.org/obo/GO_0008283	cell population proliferation	http://purl.obolibrary.org/obo/XAO_0000089	lower blastopore lip
http://purl.obolibrary.org/obo/XPO_0138165	decreased cell population proliferation in lower eyelid	http://purl.obolibrary.org/obo/GO_0008283	cell population proliferation	http://purl.obolibrary.org/obo/XAO_0000007	lower eyelid
http://purl.obolibrary.org/obo/XPO_0138642	decreased cell population proliferation in lower jaw	http://purl.obolibrary.org/obo/GO_0008283	cell population proliferation	http://purl.obolibrary.org/obo/XAO_0003084	lower jaw
http://purl.obolibrary.org/obo/XPO_0138268	decreased cell population proliferation in lung	http://purl.obolibrary.org/obo/GO_0008283	cell population proliferation	http://purl.obolibrary.org/obo/XAO_0000119	lung
http://purl.obolibrary.org/obo/XPO_0139558	decreased cell population proliferation in lung bud	http://purl.obolibrary.org/obo/GO_0008283	cell population proliferation	http://purl.obolibrary.org/obo/XAO_0005140	lung bud
http://purl.obolibrary.org/obo/XPO_0138559	decreased cell population proliferation in lung primordium	http://purl.obolibrary.org/obo/GO_0008283	cell population proliferation	http://purl.obolibrary.org/obo/XAO_0001002	lung primordium
http://purl.obolibrary.org/obo/XPO_0138476	decreased cell population proliferation in lymph vessel	http://purl.obolibrary.org/obo/GO_0008283	cell population proliferation	http://purl.obolibrary.org/obo/XAO_0000375	lymph vessel
http://purl.obolibrary.org/obo/XPO_0138747	decreased cell population proliferation in lymphatic system	http://purl.obolibrary.org/obo/GO_0008283	cell population proliferation	http://purl.obolibrary.org/obo/XAO_0003199	lymphatic system
http://purl.obolibrary.org/obo/XPO_0138710	decreased cell population proliferation in lymphocyte	http://purl.obolibrary.org/obo/GO_0008283	cell population proliferation	http://purl.obolibrary.org/obo/XAO_0003155	lymphocyte
http://purl.obolibrary.org/obo/XPO_0139161	decreased cell population proliferation in m. constrictor laryngis	http://purl.obolibrary.org/obo/GO_0008283	cell population proliferation	http://purl.obolibrary.org/obo/XAO_0004349	m. constrictor laryngis
http://purl.obolibrary.org/obo/XPO_0139253	decreased cell population proliferation in m. constrictor laryngis primordium	http://purl.obolibrary.org/obo/GO_0008283	cell population proliferation	http://purl.obolibrary.org/obo/XAO_0004446	m. constrictor laryngis primordium
http://purl.obolibrary.org/obo/XPO_0139569	decreased cell population proliferation in m. cucullaris	http://purl.obolibrary.org/obo/GO_0008283	cell population proliferation	http://purl.obolibrary.org/obo/XAO_0005152	m. cucullaris
http://purl.obolibrary.org/obo/XPO_0139565	decreased cell population proliferation in m. depressor mandibulae	http://purl.obolibrary.org/obo/GO_0008283	cell population proliferation	http://purl.obolibrary.org/obo/XAO_0005148	m. depressor mandibulae
http://purl.obolibrary.org/obo/XPO_0139162	decreased cell population proliferation in m. dilatator laryngis	http://purl.obolibrary.org/obo/GO_0008283	cell population proliferation	http://purl.obolibrary.org/obo/XAO_0004350	m. dilatator laryngis
http://purl.obolibrary.org/obo/XPO_0139254	decreased cell population proliferation in m. dilatator laryngis primordium	http://purl.obolibrary.org/obo/GO_0008283	cell population proliferation	http://purl.obolibrary.org/obo/XAO_0004447	m. dilatator laryngis primordium
http://purl.obolibrary.org/obo/XPO_0138943	decreased cell population proliferation in m. geniohyoideus	http://purl.obolibrary.org/obo/GO_0008283	cell population proliferation	http://purl.obolibrary.org/obo/XAO_0004127	m. geniohyoideus
http://purl.obolibrary.org/obo/XPO_0139251	decreased cell population proliferation in m. geniohyoideus primordium	http://purl.obolibrary.org/obo/GO_0008283	cell population proliferation	http://purl.obolibrary.org/obo/XAO_0004444	m. geniohyoideus primordium
http://purl.obolibrary.org/obo/XPO_0139150	decreased cell population proliferation in m. interhyoideus	http://purl.obolibrary.org/obo/GO_0008283	cell population proliferation	http://purl.obolibrary.org/obo/XAO_0004336	m. interhyoideus
http://purl.obolibrary.org/obo/XPO_0139240	decreased cell population proliferation in m. interhyoideus primordium	http://purl.obolibrary.org/obo/GO_0008283	cell population proliferation	http://purl.obolibrary.org/obo/XAO_0004433	m. interhyoideus primordium
http://purl.obolibrary.org/obo/XPO_0139147	decreased cell population proliferation in m. intermandibularis	http://purl.obolibrary.org/obo/GO_0008283	cell population proliferation	http://purl.obolibrary.org/obo/XAO_0004333	m. intermandibularis
http://purl.obolibrary.org/obo/XPO_0139237	decreased cell population proliferation in m. intermandibularis primordium	http://purl.obolibrary.org/obo/GO_0008283	cell population proliferation	http://purl.obolibrary.org/obo/XAO_0004430	m. intermandibularis primordium
http://purl.obolibrary.org/obo/XPO_0139145	decreased cell population proliferation in m. levator mandibulae articularis	http://purl.obolibrary.org/obo/GO_0008283	cell population proliferation	http://purl.obolibrary.org/obo/XAO_0004331	m. levator mandibulae articularis
http://purl.obolibrary.org/obo/XPO_0139235	decreased cell population proliferation in m. levator mandibulae articularis primordium	http://purl.obolibrary.org/obo/GO_0008283	cell population proliferation	http://purl.obolibrary.org/obo/XAO_0004428	m. levator mandibulae articularis primordium
http://purl.obolibrary.org/obo/XPO_0139146	decreased cell population proliferation in m. levator mandibulae externus	http://purl.obolibrary.org/obo/GO_0008283	cell population proliferation	http://purl.obolibrary.org/obo/XAO_0004332	m. levator mandibulae externus
http://purl.obolibrary.org/obo/XPO_0139236	decreased cell population proliferation in m. levator mandibulae externus primordium	http://purl.obolibrary.org/obo/GO_0008283	cell population proliferation	http://purl.obolibrary.org/obo/XAO_0004429	m. levator mandibulae externus primordium
http://purl.obolibrary.org/obo/XPO_0139142	decreased cell population proliferation in m. levator mandibulae longus internus	http://purl.obolibrary.org/obo/GO_0008283	cell population proliferation	http://purl.obolibrary.org/obo/XAO_0004328	m. levator mandibulae longus internus
http://purl.obolibrary.org/obo/XPO_0139232	decreased cell population proliferation in m. levator mandibulae longus internus primordium	http://purl.obolibrary.org/obo/GO_0008283	cell population proliferation	http://purl.obolibrary.org/obo/XAO_0004425	m. levator mandibulae longus internus primordium
http://purl.obolibrary.org/obo/XPO_0139143	decreased cell population proliferation in m. levator mandibulae longus profundus	http://purl.obolibrary.org/obo/GO_0008283	cell population proliferation	http://purl.obolibrary.org/obo/XAO_0004329	m. levator mandibulae longus profundus
http://purl.obolibrary.org/obo/XPO_0139233	decreased cell population proliferation in m. levator mandibulae longus profundus primordium	http://purl.obolibrary.org/obo/GO_0008283	cell population proliferation	http://purl.obolibrary.org/obo/XAO_0004426	m. levator mandibulae longus profundus primordium
http://purl.obolibrary.org/obo/XPO_0139144	decreased cell population proliferation in m. levator mandibulae longus superficialis	http://purl.obolibrary.org/obo/GO_0008283	cell population proliferation	http://purl.obolibrary.org/obo/XAO_0004330	m. levator mandibulae longus superficialis
http://purl.obolibrary.org/obo/XPO_0139234	decreased cell population proliferation in m. levator mandibulae longus superior primordium	http://purl.obolibrary.org/obo/GO_0008283	cell population proliferation	http://purl.obolibrary.org/obo/XAO_0004427	m. levator mandibulae longus superior primordium
http://purl.obolibrary.org/obo/XPO_0139567	decreased cell population proliferation in m. levator scapulae inferior	http://purl.obolibrary.org/obo/GO_0008283	cell population proliferation	http://purl.obolibrary.org/obo/XAO_0005150	m. levator scapulae inferior
http://purl.obolibrary.org/obo/XPO_0139566	decreased cell population proliferation in m. levator scapulae superior	http://purl.obolibrary.org/obo/GO_0008283	cell population proliferation	http://purl.obolibrary.org/obo/XAO_0005149	m. levator scapulae superior
http://purl.obolibrary.org/obo/XPO_0139168	decreased cell population proliferation in m. obliquus inferior	http://purl.obolibrary.org/obo/GO_0008283	cell population proliferation	http://purl.obolibrary.org/obo/XAO_0004356	m. obliquus inferior
http://purl.obolibrary.org/obo/XPO_0139260	decreased cell population proliferation in m. obliquus inferior primordium	http://purl.obolibrary.org/obo/GO_0008283	cell population proliferation	http://purl.obolibrary.org/obo/XAO_0004453	m. obliquus inferior primordium
http://purl.obolibrary.org/obo/XPO_0139169	decreased cell population proliferation in m. obliquus superior	http://purl.obolibrary.org/obo/GO_0008283	cell population proliferation	http://purl.obolibrary.org/obo/XAO_0004357	m. obliquus superior
http://purl.obolibrary.org/obo/XPO_0139261	decreased cell population proliferation in m. obliquus superior primordium	http://purl.obolibrary.org/obo/GO_0008283	cell population proliferation	http://purl.obolibrary.org/obo/XAO_0004454	m. obliquus superior primordium
http://purl.obolibrary.org/obo/XPO_0139149	decreased cell population proliferation in m. orbitohyoideus	http://purl.obolibrary.org/obo/GO_0008283	cell population proliferation	http://purl.obolibrary.org/obo/XAO_0004335	m. orbitohyoideus
http://purl.obolibrary.org/obo/XPO_0139239	decreased cell population proliferation in m. orbitohyoideus primordium	http://purl.obolibrary.org/obo/GO_0008283	cell population proliferation	http://purl.obolibrary.org/obo/XAO_0004432	m. orbitohyoideus primordium
http://purl.obolibrary.org/obo/XPO_0139568	decreased cell population proliferation in m. petrohyoideus	http://purl.obolibrary.org/obo/GO_0008283	cell population proliferation	http://purl.obolibrary.org/obo/XAO_0005151	m. petrohyoideus
http://purl.obolibrary.org/obo/XPO_0139148	decreased cell population proliferation in m. quadrato-hyoangularis	http://purl.obolibrary.org/obo/GO_0008283	cell population proliferation	http://purl.obolibrary.org/obo/XAO_0004334	m. quadrato-hyoangularis
http://purl.obolibrary.org/obo/XPO_0139238	decreased cell population proliferation in m. quadrato-hyoangularis primordium	http://purl.obolibrary.org/obo/GO_0008283	cell population proliferation	http://purl.obolibrary.org/obo/XAO_0004431	m. quadrato-hyoangularis primordium
http://purl.obolibrary.org/obo/XPO_0138944	decreased cell population proliferation in m. rectus abdominis	http://purl.obolibrary.org/obo/GO_0008283	cell population proliferation	http://purl.obolibrary.org/obo/XAO_0004128	m. rectus abdominis
http://purl.obolibrary.org/obo/XPO_0139164	decreased cell population proliferation in m. rectus anterior	http://purl.obolibrary.org/obo/GO_0008283	cell population proliferation	http://purl.obolibrary.org/obo/XAO_0004352	m. rectus anterior
http://purl.obolibrary.org/obo/XPO_0139256	decreased cell population proliferation in m. rectus anterior primordium	http://purl.obolibrary.org/obo/GO_0008283	cell population proliferation	http://purl.obolibrary.org/obo/XAO_0004449	m. rectus anterior primordium
http://purl.obolibrary.org/obo/XPO_0139252	decreased cell population proliferation in m. rectus cervicis primordium	http://purl.obolibrary.org/obo/GO_0008283	cell population proliferation	http://purl.obolibrary.org/obo/XAO_0004445	m. rectus cervicis primordium
http://purl.obolibrary.org/obo/XPO_0138945	decreased cell population proliferation in m. rectus cervicus	http://purl.obolibrary.org/obo/GO_0008283	cell population proliferation	http://purl.obolibrary.org/obo/XAO_0004129	m. rectus cervicus
http://purl.obolibrary.org/obo/XPO_0139166	decreased cell population proliferation in m. rectus inferior	http://purl.obolibrary.org/obo/GO_0008283	cell population proliferation	http://purl.obolibrary.org/obo/XAO_0004354	m. rectus inferior
http://purl.obolibrary.org/obo/XPO_0139258	decreased cell population proliferation in m. rectus inferior primordium	http://purl.obolibrary.org/obo/GO_0008283	cell population proliferation	http://purl.obolibrary.org/obo/XAO_0004451	m. rectus inferior primordium
http://purl.obolibrary.org/obo/XPO_0139165	decreased cell population proliferation in m. rectus posterior	http://purl.obolibrary.org/obo/GO_0008283	cell population proliferation	http://purl.obolibrary.org/obo/XAO_0004353	m. rectus posterior
http://purl.obolibrary.org/obo/XPO_0139257	decreased cell population proliferation in m. rectus posterior primordium	http://purl.obolibrary.org/obo/GO_0008283	cell population proliferation	http://purl.obolibrary.org/obo/XAO_0004450	m. rectus posterior primordium
http://purl.obolibrary.org/obo/XPO_0139167	decreased cell population proliferation in m. rectus superior	http://purl.obolibrary.org/obo/GO_0008283	cell population proliferation	http://purl.obolibrary.org/obo/XAO_0004355	m. rectus superior
http://purl.obolibrary.org/obo/XPO_0139259	decreased cell population proliferation in m. rectus superior primordium	http://purl.obolibrary.org/obo/GO_0008283	cell population proliferation	http://purl.obolibrary.org/obo/XAO_0004452	m. rectus superior primordium
http://purl.obolibrary.org/obo/XPO_0139151	decreased cell population proliferation in m. subarcualis rectus I	http://purl.obolibrary.org/obo/GO_0008283	cell population proliferation	http://purl.obolibrary.org/obo/XAO_0004337	m. subarcualis rectus I
http://purl.obolibrary.org/obo/XPO_0139241	decreased cell population proliferation in m. subarcualis rectus I primordium	http://purl.obolibrary.org/obo/GO_0008283	cell population proliferation	http://purl.obolibrary.org/obo/XAO_0004434	m. subarcualis rectus I primordium
http://purl.obolibrary.org/obo/XPO_0139152	decreased cell population proliferation in m. transversus anterior	http://purl.obolibrary.org/obo/GO_0008283	cell population proliferation	http://purl.obolibrary.org/obo/XAO_0004338	m. transversus anterior
http://purl.obolibrary.org/obo/XPO_0139242	decreased cell population proliferation in m. transversus anterior primordium	http://purl.obolibrary.org/obo/GO_0008283	cell population proliferation	http://purl.obolibrary.org/obo/XAO_0004435	m. transversus anterior primordium
http://purl.obolibrary.org/obo/XPO_0139153	decreased cell population proliferation in m. transversus ventralis II	http://purl.obolibrary.org/obo/GO_0008283	cell population proliferation	http://purl.obolibrary.org/obo/XAO_0004339	m. transversus ventralis II
http://purl.obolibrary.org/obo/XPO_0139243	decreased cell population proliferation in m. transversus ventralis II primordium	http://purl.obolibrary.org/obo/GO_0008283	cell population proliferation	http://purl.obolibrary.org/obo/XAO_0004436	m. transversus ventralis II primordium
http://purl.obolibrary.org/obo/XPO_0139444	decreased cell population proliferation in macrophage	http://purl.obolibrary.org/obo/GO_0008283	cell population proliferation	http://purl.obolibrary.org/obo/XAO_0005025	macrophage
http://purl.obolibrary.org/obo/XPO_0139369	decreased cell population proliferation in magnocellular preoptic nucleus	http://purl.obolibrary.org/obo/GO_0008283	cell population proliferation	http://purl.obolibrary.org/obo/XAO_0004567	magnocellular preoptic nucleus
http://purl.obolibrary.org/obo/XPO_0138298	decreased cell population proliferation in male genitalia	http://purl.obolibrary.org/obo/GO_0008283	cell population proliferation	http://purl.obolibrary.org/obo/XAO_0000155	male genitalia
http://purl.obolibrary.org/obo/XPO_0138581	decreased cell population proliferation in male organism	http://purl.obolibrary.org/obo/GO_0008283	cell population proliferation	http://purl.obolibrary.org/obo/XAO_0003006	male organism
http://purl.obolibrary.org/obo/XPO_0139401	decreased cell population proliferation in mammilary region	http://purl.obolibrary.org/obo/GO_0008283	cell population proliferation	http://purl.obolibrary.org/obo/XAO_0004605	mammilary region
http://purl.obolibrary.org/obo/XPO_0138248	decreased cell population proliferation in mandibular arch	http://purl.obolibrary.org/obo/GO_0008283	cell population proliferation	http://purl.obolibrary.org/obo/XAO_0000097	mandibular arch
http://purl.obolibrary.org/obo/XPO_0139579	decreased cell population proliferation in mandibular arch skeleton	http://purl.obolibrary.org/obo/GO_0008283	cell population proliferation	http://purl.obolibrary.org/obo/XAO_0005162	mandibular arch skeleton
http://purl.obolibrary.org/obo/XPO_0139060	decreased cell population proliferation in mandibular artery	http://purl.obolibrary.org/obo/GO_0008283	cell population proliferation	http://purl.obolibrary.org/obo/XAO_0004244	mandibular artery
http://purl.obolibrary.org/obo/XPO_0138181	decreased cell population proliferation in mandibular crest	http://purl.obolibrary.org/obo/GO_0008283	cell population proliferation	http://purl.obolibrary.org/obo/XAO_0000024	mandibular crest
http://purl.obolibrary.org/obo/XPO_0139137	decreased cell population proliferation in mandibular head muscle	http://purl.obolibrary.org/obo/GO_0008283	cell population proliferation	http://purl.obolibrary.org/obo/XAO_0004323	mandibular head muscle
http://purl.obolibrary.org/obo/XPO_0139315	decreased cell population proliferation in mandibular mesenchyme	http://purl.obolibrary.org/obo/GO_0008283	cell population proliferation	http://purl.obolibrary.org/obo/XAO_0004508	mandibular mesenchyme
http://purl.obolibrary.org/obo/XPO_0139683	decreased cell population proliferation in mandibular nerve	http://purl.obolibrary.org/obo/GO_0008283	cell population proliferation	http://purl.obolibrary.org/obo/XAO_0005294	mandibular nerve
http://purl.obolibrary.org/obo/XPO_0139051	decreased cell population proliferation in manicotto glandulare	http://purl.obolibrary.org/obo/GO_0008283	cell population proliferation	http://purl.obolibrary.org/obo/XAO_0004235	manicotto glandulare
http://purl.obolibrary.org/obo/XPO_0138221	decreased cell population proliferation in marginal zone	http://purl.obolibrary.org/obo/GO_0008283	cell population proliferation	http://purl.obolibrary.org/obo/XAO_0000068	marginal zone
http://purl.obolibrary.org/obo/XPO_0138424	decreased cell population proliferation in marginal zone (sensu neural)	http://purl.obolibrary.org/obo/GO_0008283	cell population proliferation	http://purl.obolibrary.org/obo/XAO_0000309	marginal zone (sensu neural)
http://purl.obolibrary.org/obo/XPO_0139421	decreased cell population proliferation in matrix-based tissue	http://purl.obolibrary.org/obo/GO_0008283	cell population proliferation	http://purl.obolibrary.org/obo/XAO_0005000	matrix-based tissue
http://purl.obolibrary.org/obo/XPO_0139061	decreased cell population proliferation in maxillary artery	http://purl.obolibrary.org/obo/GO_0008283	cell population proliferation	http://purl.obolibrary.org/obo/XAO_0004245	maxillary artery
http://purl.obolibrary.org/obo/XPO_0139682	decreased cell population proliferation in maxillary nerve	http://purl.obolibrary.org/obo/GO_0008283	cell population proliferation	http://purl.obolibrary.org/obo/XAO_0005293	maxillary nerve
http://purl.obolibrary.org/obo/XPO_0138494	decreased cell population proliferation in medial abdominal vein	http://purl.obolibrary.org/obo/GO_0008283	cell population proliferation	http://purl.obolibrary.org/obo/XAO_0000395	medial abdominal vein
http://purl.obolibrary.org/obo/XPO_0139370	decreased cell population proliferation in medial amygdala	http://purl.obolibrary.org/obo/GO_0008283	cell population proliferation	http://purl.obolibrary.org/obo/XAO_0004568	medial amygdala
http://purl.obolibrary.org/obo/XPO_0138484	decreased cell population proliferation in medial cardinal vein	http://purl.obolibrary.org/obo/GO_0008283	cell population proliferation	http://purl.obolibrary.org/obo/XAO_0000384	medial cardinal vein
http://purl.obolibrary.org/obo/XPO_0139075	decreased cell population proliferation in medial ganglionic eminence	http://purl.obolibrary.org/obo/GO_0008283	cell population proliferation	http://purl.obolibrary.org/obo/XAO_0004259	medial ganglionic eminence
http://purl.obolibrary.org/obo/XPO_0139611	decreased cell population proliferation in medial nasal prominence	http://purl.obolibrary.org/obo/GO_0008283	cell population proliferation	http://purl.obolibrary.org/obo/XAO_0005194	medial nasal prominence
http://purl.obolibrary.org/obo/XPO_0139371	decreased cell population proliferation in medial pallium	http://purl.obolibrary.org/obo/GO_0008283	cell population proliferation	http://purl.obolibrary.org/obo/XAO_0004570	medial pallium
http://purl.obolibrary.org/obo/XPO_0139624	decreased cell population proliferation in medial region	http://purl.obolibrary.org/obo/GO_0008283	cell population proliferation	http://purl.obolibrary.org/obo/XAO_0005220	medial region
http://purl.obolibrary.org/obo/XPO_0139372	decreased cell population proliferation in medial septum	http://purl.obolibrary.org/obo/GO_0008283	cell population proliferation	http://purl.obolibrary.org/obo/XAO_0004571	medial septum
http://purl.obolibrary.org/obo/XPO_0139096	decreased cell population proliferation in median fin	http://purl.obolibrary.org/obo/GO_0008283	cell population proliferation	http://purl.obolibrary.org/obo/XAO_0004281	median fin
http://purl.obolibrary.org/obo/XPO_0139097	decreased cell population proliferation in median fin skeleton	http://purl.obolibrary.org/obo/GO_0008283	cell population proliferation	http://purl.obolibrary.org/obo/XAO_0004282	median fin skeleton
http://purl.obolibrary.org/obo/XPO_0138656	decreased cell population proliferation in medulla oblongata	http://purl.obolibrary.org/obo/GO_0008283	cell population proliferation	http://purl.obolibrary.org/obo/XAO_0003100	medulla oblongata
http://purl.obolibrary.org/obo/XPO_0139317	decreased cell population proliferation in melanoblast	http://purl.obolibrary.org/obo/GO_0008283	cell population proliferation	http://purl.obolibrary.org/obo/XAO_0004510	melanoblast
http://purl.obolibrary.org/obo/XPO_0138564	decreased cell population proliferation in melanophore	http://purl.obolibrary.org/obo/GO_0008283	cell population proliferation	http://purl.obolibrary.org/obo/XAO_0001014	melanophore
http://purl.obolibrary.org/obo/XPO_0139534	decreased cell population proliferation in melanotrope	http://purl.obolibrary.org/obo/GO_0008283	cell population proliferation	http://purl.obolibrary.org/obo/XAO_0005116	melanotrope
http://purl.obolibrary.org/obo/XPO_0138831	decreased cell population proliferation in membrane bone	http://purl.obolibrary.org/obo/GO_0008283	cell population proliferation	http://purl.obolibrary.org/obo/XAO_0004014	membrane bone
http://purl.obolibrary.org/obo/XPO_0138989	decreased cell population proliferation in mesencephalic artery	http://purl.obolibrary.org/obo/GO_0008283	cell population proliferation	http://purl.obolibrary.org/obo/XAO_0004173	mesencephalic artery
http://purl.obolibrary.org/obo/XPO_0138990	decreased cell population proliferation in mesencephalic vein	http://purl.obolibrary.org/obo/GO_0008283	cell population proliferation	http://purl.obolibrary.org/obo/XAO_0004174	mesencephalic vein
http://purl.obolibrary.org/obo/XPO_0139134	decreased cell population proliferation in mesenchymal stem cell	http://purl.obolibrary.org/obo/GO_0008283	cell population proliferation	http://purl.obolibrary.org/obo/XAO_0004320	mesenchymal stem cell
http://purl.obolibrary.org/obo/XPO_0138615	decreased cell population proliferation in mesenchyme	http://purl.obolibrary.org/obo/GO_0008283	cell population proliferation	http://purl.obolibrary.org/obo/XAO_0003046	mesenchyme
http://purl.obolibrary.org/obo/XPO_0138286	decreased cell population proliferation in mesentery	http://purl.obolibrary.org/obo/GO_0008283	cell population proliferation	http://purl.obolibrary.org/obo/XAO_0000138	mesentery
http://purl.obolibrary.org/obo/XPO_0138206	decreased cell population proliferation in mesoderm	http://purl.obolibrary.org/obo/GO_0008283	cell population proliferation	http://purl.obolibrary.org/obo/XAO_0000050	mesoderm
http://purl.obolibrary.org/obo/XPO_0138802	decreased cell population proliferation in mesodermal cell	http://purl.obolibrary.org/obo/GO_0008283	cell population proliferation	http://purl.obolibrary.org/obo/XAO_0003255	mesodermal cell
http://purl.obolibrary.org/obo/XPO_0138295	decreased cell population proliferation in mesonephric collecting duct	http://purl.obolibrary.org/obo/GO_0008283	cell population proliferation	http://purl.obolibrary.org/obo/XAO_0000151	mesonephric collecting duct
http://purl.obolibrary.org/obo/XPO_0138375	decreased cell population proliferation in mesonephric duct	http://purl.obolibrary.org/obo/GO_0008283	cell population proliferation	http://purl.obolibrary.org/obo/XAO_0000242	mesonephric duct
http://purl.obolibrary.org/obo/XPO_0138443	decreased cell population proliferation in mesonephric early distal tubule	http://purl.obolibrary.org/obo/GO_0008283	cell population proliferation	http://purl.obolibrary.org/obo/XAO_0000333	mesonephric early distal tubule
http://purl.obolibrary.org/obo/XPO_0138441	decreased cell population proliferation in mesonephric early proximal tubule	http://purl.obolibrary.org/obo/GO_0008283	cell population proliferation	http://purl.obolibrary.org/obo/XAO_0000331	mesonephric early proximal tubule
http://purl.obolibrary.org/obo/XPO_0138289	decreased cell population proliferation in mesonephric kidney	http://purl.obolibrary.org/obo/GO_0008283	cell population proliferation	http://purl.obolibrary.org/obo/XAO_0000141	mesonephric kidney
http://purl.obolibrary.org/obo/XPO_0138444	decreased cell population proliferation in mesonephric late distal tubule	http://purl.obolibrary.org/obo/GO_0008283	cell population proliferation	http://purl.obolibrary.org/obo/XAO_0000334	mesonephric late distal tubule
http://purl.obolibrary.org/obo/XPO_0138442	decreased cell population proliferation in mesonephric late proximal tubule	http://purl.obolibrary.org/obo/GO_0008283	cell population proliferation	http://purl.obolibrary.org/obo/XAO_0000332	mesonephric late proximal tubule
http://purl.obolibrary.org/obo/XPO_0138418	decreased cell population proliferation in mesonephric mesenchyme	http://purl.obolibrary.org/obo/GO_0008283	cell population proliferation	http://purl.obolibrary.org/obo/XAO_0000291	mesonephric mesenchyme
http://purl.obolibrary.org/obo/XPO_0138419	decreased cell population proliferation in mesonephric nephron	http://purl.obolibrary.org/obo/GO_0008283	cell population proliferation	http://purl.obolibrary.org/obo/XAO_0000292	mesonephric nephron
http://purl.obolibrary.org/obo/XPO_0138294	decreased cell population proliferation in mesonephric tubule	http://purl.obolibrary.org/obo/GO_0008283	cell population proliferation	http://purl.obolibrary.org/obo/XAO_0000148	mesonephric tubule
http://purl.obolibrary.org/obo/XPO_0138756	decreased cell population proliferation in metacarpus	http://purl.obolibrary.org/obo/GO_0008283	cell population proliferation	http://purl.obolibrary.org/obo/XAO_0003208	metacarpus
http://purl.obolibrary.org/obo/XPO_0138760	decreased cell population proliferation in metatarsus	http://purl.obolibrary.org/obo/GO_0008283	cell population proliferation	http://purl.obolibrary.org/obo/XAO_0003212	metatarsus
http://purl.obolibrary.org/obo/XPO_0138983	decreased cell population proliferation in metencephalic artery	http://purl.obolibrary.org/obo/GO_0008283	cell population proliferation	http://purl.obolibrary.org/obo/XAO_0004167	metencephalic artery
http://purl.obolibrary.org/obo/XPO_0138984	decreased cell population proliferation in metencephalic vein	http://purl.obolibrary.org/obo/GO_0008283	cell population proliferation	http://purl.obolibrary.org/obo/XAO_0004168	metencephalic vein
http://purl.obolibrary.org/obo/XPO_0139552	decreased cell population proliferation in microglial cell	http://purl.obolibrary.org/obo/GO_0008283	cell population proliferation	http://purl.obolibrary.org/obo/XAO_0005134	microglial cell
http://purl.obolibrary.org/obo/XPO_0138172	decreased cell population proliferation in midbrain	http://purl.obolibrary.org/obo/GO_0008283	cell population proliferation	http://purl.obolibrary.org/obo/XAO_0000014	midbrain
http://purl.obolibrary.org/obo/XPO_0139087	decreased cell population proliferation in midbrain tegmentum	http://purl.obolibrary.org/obo/GO_0008283	cell population proliferation	http://purl.obolibrary.org/obo/XAO_0004271	midbrain tegmentum
http://purl.obolibrary.org/obo/XPO_0138174	decreased cell population proliferation in midbrain-hindbrain boundary	http://purl.obolibrary.org/obo/GO_0008283	cell population proliferation	http://purl.obolibrary.org/obo/XAO_0000016	midbrain-hindbrain boundary
http://purl.obolibrary.org/obo/XPO_0138977	decreased cell population proliferation in middle cerebral vein	http://purl.obolibrary.org/obo/GO_0008283	cell population proliferation	http://purl.obolibrary.org/obo/XAO_0004161	middle cerebral vein
http://purl.obolibrary.org/obo/XPO_0138332	decreased cell population proliferation in middle ear	http://purl.obolibrary.org/obo/GO_0008283	cell population proliferation	http://purl.obolibrary.org/obo/XAO_0000191	middle ear
http://purl.obolibrary.org/obo/XPO_0138548	decreased cell population proliferation in middle lateral line	http://purl.obolibrary.org/obo/GO_0008283	cell population proliferation	http://purl.obolibrary.org/obo/XAO_0000463	middle lateral line
http://purl.obolibrary.org/obo/XPO_0139038	decreased cell population proliferation in middle lateral line placode	http://purl.obolibrary.org/obo/GO_0008283	cell population proliferation	http://purl.obolibrary.org/obo/XAO_0004222	middle lateral line placode
http://purl.obolibrary.org/obo/XPO_0138254	decreased cell population proliferation in midgut	http://purl.obolibrary.org/obo/GO_0008283	cell population proliferation	http://purl.obolibrary.org/obo/XAO_0000103	midgut
http://purl.obolibrary.org/obo/XPO_0139319	decreased cell population proliferation in midgut primordium	http://purl.obolibrary.org/obo/GO_0008283	cell population proliferation	http://purl.obolibrary.org/obo/XAO_0004512	midgut primordium
http://purl.obolibrary.org/obo/XPO_0139456	decreased cell population proliferation in migrating macrophage	http://purl.obolibrary.org/obo/GO_0008283	cell population proliferation	http://purl.obolibrary.org/obo/XAO_0005037	migrating macrophage
http://purl.obolibrary.org/obo/XPO_0139630	decreased cell population proliferation in migrating myoblast	http://purl.obolibrary.org/obo/GO_0008283	cell population proliferation	http://purl.obolibrary.org/obo/XAO_0005226	migrating myoblast
http://purl.obolibrary.org/obo/XPO_0139088	decreased cell population proliferation in migrating neuroblast	http://purl.obolibrary.org/obo/GO_0008283	cell population proliferation	http://purl.obolibrary.org/obo/XAO_0004272	migrating neuroblast
http://purl.obolibrary.org/obo/XPO_0138886	decreased cell population proliferation in migratory neural crest cell	http://purl.obolibrary.org/obo/GO_0008283	cell population proliferation	http://purl.obolibrary.org/obo/XAO_0004069	migratory neural crest cell
http://purl.obolibrary.org/obo/XPO_0139649	decreased cell population proliferation in migratory trunk neural crest cell	http://purl.obolibrary.org/obo/GO_0008283	cell population proliferation	http://purl.obolibrary.org/obo/XAO_0005246	migratory trunk neural crest cell
http://purl.obolibrary.org/obo/XPO_0138853	decreased cell population proliferation in mineralized avascular GAG-rich matrix	http://purl.obolibrary.org/obo/GO_0008283	cell population proliferation	http://purl.obolibrary.org/obo/XAO_0004036	mineralized avascular GAG-rich matrix
http://purl.obolibrary.org/obo/XPO_0138857	decreased cell population proliferation in mineralized bone tissue	http://purl.obolibrary.org/obo/GO_0008283	cell population proliferation	http://purl.obolibrary.org/obo/XAO_0004040	mineralized bone tissue
http://purl.obolibrary.org/obo/XPO_0138872	decreased cell population proliferation in mineralized cartilage tissue	http://purl.obolibrary.org/obo/GO_0008283	cell population proliferation	http://purl.obolibrary.org/obo/XAO_0004055	mineralized cartilage tissue
http://purl.obolibrary.org/obo/XPO_0138851	decreased cell population proliferation in mineralized extracellular matrix	http://purl.obolibrary.org/obo/GO_0008283	cell population proliferation	http://purl.obolibrary.org/obo/XAO_0004034	mineralized extracellular matrix
http://purl.obolibrary.org/obo/XPO_0138858	decreased cell population proliferation in mineralized hyaline cartilage tissue	http://purl.obolibrary.org/obo/GO_0008283	cell population proliferation	http://purl.obolibrary.org/obo/XAO_0004041	mineralized hyaline cartilage tissue
http://purl.obolibrary.org/obo/XPO_0138856	decreased cell population proliferation in mineralized tissue	http://purl.obolibrary.org/obo/GO_0008283	cell population proliferation	http://purl.obolibrary.org/obo/XAO_0004039	mineralized tissue
http://purl.obolibrary.org/obo/XPO_0139309	decreased cell population proliferation in mitotic cell	http://purl.obolibrary.org/obo/GO_0008283	cell population proliferation	http://purl.obolibrary.org/obo/XAO_0004502	mitotic cell
http://purl.obolibrary.org/obo/XPO_0139373	decreased cell population proliferation in mitral cell	http://purl.obolibrary.org/obo/GO_0008283	cell population proliferation	http://purl.obolibrary.org/obo/XAO_0004573	mitral cell
http://purl.obolibrary.org/obo/XPO_0139374	decreased cell population proliferation in mitral cell layer of the olfactory bulb	http://purl.obolibrary.org/obo/GO_0008283	cell population proliferation	http://purl.obolibrary.org/obo/XAO_0004574	mitral cell layer of the olfactory bulb
http://purl.obolibrary.org/obo/XPO_0139158	decreased cell population proliferation in mm. constrictores branchiales II	http://purl.obolibrary.org/obo/GO_0008283	cell population proliferation	http://purl.obolibrary.org/obo/XAO_0004344	mm. constrictores branchiales II
http://purl.obolibrary.org/obo/XPO_0139248	decreased cell population proliferation in mm. constrictores branchiales II primordium	http://purl.obolibrary.org/obo/GO_0008283	cell population proliferation	http://purl.obolibrary.org/obo/XAO_0004441	mm. constrictores branchiales II primordium
http://purl.obolibrary.org/obo/XPO_0139159	decreased cell population proliferation in mm. constrictores branchiales III	http://purl.obolibrary.org/obo/GO_0008283	cell population proliferation	http://purl.obolibrary.org/obo/XAO_0004345	mm. constrictores branchiales III
http://purl.obolibrary.org/obo/XPO_0139249	decreased cell population proliferation in mm. constrictores branchiales III primordium	http://purl.obolibrary.org/obo/GO_0008283	cell population proliferation	http://purl.obolibrary.org/obo/XAO_0004442	mm. constrictores branchiales III primordium
http://purl.obolibrary.org/obo/XPO_0139160	decreased cell population proliferation in mm. constrictores branchiales IV	http://purl.obolibrary.org/obo/GO_0008283	cell population proliferation	http://purl.obolibrary.org/obo/XAO_0004346	mm. constrictores branchiales IV
http://purl.obolibrary.org/obo/XPO_0139250	decreased cell population proliferation in mm. constrictores branchiales IV primordium	http://purl.obolibrary.org/obo/GO_0008283	cell population proliferation	http://purl.obolibrary.org/obo/XAO_0004443	mm. constrictores branchiales IV primordium
http://purl.obolibrary.org/obo/XPO_0139154	decreased cell population proliferation in mm. levator arcuum branchialium I	http://purl.obolibrary.org/obo/GO_0008283	cell population proliferation	http://purl.obolibrary.org/obo/XAO_0004340	mm. levator arcuum branchialium I
http://purl.obolibrary.org/obo/XPO_0139244	decreased cell population proliferation in mm. levator arcuum branchialium I primordium	http://purl.obolibrary.org/obo/GO_0008283	cell population proliferation	http://purl.obolibrary.org/obo/XAO_0004437	mm. levator arcuum branchialium I primordium
http://purl.obolibrary.org/obo/XPO_0139155	decreased cell population proliferation in mm. levator arcuum branchialium II	http://purl.obolibrary.org/obo/GO_0008283	cell population proliferation	http://purl.obolibrary.org/obo/XAO_0004341	mm. levator arcuum branchialium II
http://purl.obolibrary.org/obo/XPO_0139245	decreased cell population proliferation in mm. levator arcuum branchialium II primordium	http://purl.obolibrary.org/obo/GO_0008283	cell population proliferation	http://purl.obolibrary.org/obo/XAO_0004438	mm. levator arcuum branchialium II primordium
http://purl.obolibrary.org/obo/XPO_0139156	decreased cell population proliferation in mm. levator arcuum branchialium III	http://purl.obolibrary.org/obo/GO_0008283	cell population proliferation	http://purl.obolibrary.org/obo/XAO_0004342	mm. levator arcuum branchialium III
http://purl.obolibrary.org/obo/XPO_0139246	decreased cell population proliferation in mm. levator arcuum branchialium III primordium	http://purl.obolibrary.org/obo/GO_0008283	cell population proliferation	http://purl.obolibrary.org/obo/XAO_0004439	mm. levator arcuum branchialium III primordium
http://purl.obolibrary.org/obo/XPO_0139157	decreased cell population proliferation in mm. levator arcuum branchialium IV	http://purl.obolibrary.org/obo/GO_0008283	cell population proliferation	http://purl.obolibrary.org/obo/XAO_0004343	mm. levator arcuum branchialium IV
http://purl.obolibrary.org/obo/XPO_0139247	decreased cell population proliferation in mm. levator arcuum branchialium IV primordium	http://purl.obolibrary.org/obo/GO_0008283	cell population proliferation	http://purl.obolibrary.org/obo/XAO_0004440	mm. levator arcuum branchialium IV primordium
http://purl.obolibrary.org/obo/XPO_0139555	decreased cell population proliferation in monociliated cell	http://purl.obolibrary.org/obo/GO_0008283	cell population proliferation	http://purl.obolibrary.org/obo/XAO_0005137	monociliated cell
http://purl.obolibrary.org/obo/XPO_0139595	decreased cell population proliferation in monociliated epidermal cell	http://purl.obolibrary.org/obo/GO_0008283	cell population proliferation	http://purl.obolibrary.org/obo/XAO_0005178	monociliated epidermal cell
http://purl.obolibrary.org/obo/XPO_0138790	decreased cell population proliferation in morula cell	http://purl.obolibrary.org/obo/GO_0008283	cell population proliferation	http://purl.obolibrary.org/obo/XAO_0003242	morula cell
http://purl.obolibrary.org/obo/XPO_0139033	decreased cell population proliferation in motor neuron	http://purl.obolibrary.org/obo/GO_0008283	cell population proliferation	http://purl.obolibrary.org/obo/XAO_0004217	motor neuron
http://purl.obolibrary.org/obo/XPO_0138400	decreased cell population proliferation in mouth primordium	http://purl.obolibrary.org/obo/GO_0008283	cell population proliferation	http://purl.obolibrary.org/obo/XAO_0000269	mouth primordium
http://purl.obolibrary.org/obo/XPO_0139200	decreased cell population proliferation in mucociliary epithelium	http://purl.obolibrary.org/obo/GO_0008283	cell population proliferation	http://purl.obolibrary.org/obo/XAO_0004393	mucociliary epithelium
http://purl.obolibrary.org/obo/XPO_0139492	decreased cell population proliferation in mucous gland	http://purl.obolibrary.org/obo/GO_0008283	cell population proliferation	http://purl.obolibrary.org/obo/XAO_0005073	mucous gland
http://purl.obolibrary.org/obo/XPO_0138803	decreased cell population proliferation in mucus secreting cell	http://purl.obolibrary.org/obo/GO_0008283	cell population proliferation	http://purl.obolibrary.org/obo/XAO_0003256	mucus secreting cell
http://purl.obolibrary.org/obo/XPO_0138606	decreased cell population proliferation in multi-tissue structure	http://purl.obolibrary.org/obo/GO_0008283	cell population proliferation	http://purl.obolibrary.org/obo/XAO_0003037	multi-tissue structure
http://purl.obolibrary.org/obo/XPO_0139423	decreased cell population proliferation in multicellular anatomical structure	http://purl.obolibrary.org/obo/GO_0008283	cell population proliferation	http://purl.obolibrary.org/obo/XAO_0005002	multicellular anatomical structure
http://purl.obolibrary.org/obo/XPO_0139557	decreased cell population proliferation in multiciliated cell	http://purl.obolibrary.org/obo/GO_0008283	cell population proliferation	http://purl.obolibrary.org/obo/XAO_0005139	multiciliated cell
http://purl.obolibrary.org/obo/XPO_0139597	decreased cell population proliferation in multiciliated cell precursor	http://purl.obolibrary.org/obo/GO_0008283	cell population proliferation	http://purl.obolibrary.org/obo/XAO_0005180	multiciliated cell precursor
http://purl.obolibrary.org/obo/XPO_0139596	decreased cell population proliferation in multiciliated epidermal cell	http://purl.obolibrary.org/obo/GO_0008283	cell population proliferation	http://purl.obolibrary.org/obo/XAO_0005179	multiciliated epidermal cell
http://purl.obolibrary.org/obo/XPO_0138823	decreased cell population proliferation in multilaminar epithelium	http://purl.obolibrary.org/obo/GO_0008283	cell population proliferation	http://purl.obolibrary.org/obo/XAO_0004006	multilaminar epithelium
http://purl.obolibrary.org/obo/XPO_0138314	decreased cell population proliferation in muscle	http://purl.obolibrary.org/obo/GO_0008283	cell population proliferation	http://purl.obolibrary.org/obo/XAO_0000172	muscle
http://purl.obolibrary.org/obo/XPO_0138859	decreased cell population proliferation in muscular system	http://purl.obolibrary.org/obo/GO_0008283	cell population proliferation	http://purl.obolibrary.org/obo/XAO_0004042	muscular system
http://purl.obolibrary.org/obo/XPO_0138563	decreased cell population proliferation in musculature of face	http://purl.obolibrary.org/obo/GO_0008283	cell population proliferation	http://purl.obolibrary.org/obo/XAO_0001013	musculature of face
http://purl.obolibrary.org/obo/XPO_0138479	decreased cell population proliferation in musculoabdominal vein	http://purl.obolibrary.org/obo/GO_0008283	cell population proliferation	http://purl.obolibrary.org/obo/XAO_0000378	musculoabdominal vein
http://purl.obolibrary.org/obo/XPO_0138310	decreased cell population proliferation in musculoskeletal system	http://purl.obolibrary.org/obo/GO_0008283	cell population proliferation	http://purl.obolibrary.org/obo/XAO_0000168	musculoskeletal system
http://purl.obolibrary.org/obo/XPO_0138804	decreased cell population proliferation in myelin accumulating cell	http://purl.obolibrary.org/obo/GO_0008283	cell population proliferation	http://purl.obolibrary.org/obo/XAO_0003257	myelin accumulating cell
http://purl.obolibrary.org/obo/XPO_0138964	decreased cell population proliferation in myeloid cell	http://purl.obolibrary.org/obo/GO_0008283	cell population proliferation	http://purl.obolibrary.org/obo/XAO_0004148	myeloid cell
http://purl.obolibrary.org/obo/XPO_0138587	decreased cell population proliferation in myoblast	http://purl.obolibrary.org/obo/GO_0008283	cell population proliferation	http://purl.obolibrary.org/obo/XAO_0003015	myoblast
http://purl.obolibrary.org/obo/XPO_0138218	decreased cell population proliferation in myocardium	http://purl.obolibrary.org/obo/GO_0008283	cell population proliferation	http://purl.obolibrary.org/obo/XAO_0000065	myocardium
http://purl.obolibrary.org/obo/XPO_0139282	decreased cell population proliferation in myocyte	http://purl.obolibrary.org/obo/GO_0008283	cell population proliferation	http://purl.obolibrary.org/obo/XAO_0004475	myocyte
http://purl.obolibrary.org/obo/XPO_0138429	decreased cell population proliferation in myotome	http://purl.obolibrary.org/obo/GO_0008283	cell population proliferation	http://purl.obolibrary.org/obo/XAO_0000315	myotome
http://purl.obolibrary.org/obo/XPO_0138660	decreased cell population proliferation in myotome of head somite 1	http://purl.obolibrary.org/obo/GO_0008283	cell population proliferation	http://purl.obolibrary.org/obo/XAO_0003104	myotome of head somite 1
http://purl.obolibrary.org/obo/XPO_0138661	decreased cell population proliferation in myotome of head somite 2	http://purl.obolibrary.org/obo/GO_0008283	cell population proliferation	http://purl.obolibrary.org/obo/XAO_0003105	myotome of head somite 2
http://purl.obolibrary.org/obo/XPO_0138662	decreased cell population proliferation in myotome of head somite 3	http://purl.obolibrary.org/obo/GO_0008283	cell population proliferation	http://purl.obolibrary.org/obo/XAO_0003106	myotome of head somite 3
http://purl.obolibrary.org/obo/XPO_0138663	decreased cell population proliferation in myotome of head somite 4	http://purl.obolibrary.org/obo/GO_0008283	cell population proliferation	http://purl.obolibrary.org/obo/XAO_0003107	myotome of head somite 4
http://purl.obolibrary.org/obo/XPO_0138692	decreased cell population proliferation in myotome of tail somite 14	http://purl.obolibrary.org/obo/GO_0008283	cell population proliferation	http://purl.obolibrary.org/obo/XAO_0003136	myotome of tail somite 14
http://purl.obolibrary.org/obo/XPO_0138694	decreased cell population proliferation in myotome of tail somite 15	http://purl.obolibrary.org/obo/GO_0008283	cell population proliferation	http://purl.obolibrary.org/obo/XAO_0003138	myotome of tail somite 15
http://purl.obolibrary.org/obo/XPO_0138696	decreased cell population proliferation in myotome of tail somite 16	http://purl.obolibrary.org/obo/GO_0008283	cell population proliferation	http://purl.obolibrary.org/obo/XAO_0003140	myotome of tail somite 16
http://purl.obolibrary.org/obo/XPO_0138698	decreased cell population proliferation in myotome of tail somite 17	http://purl.obolibrary.org/obo/GO_0008283	cell population proliferation	http://purl.obolibrary.org/obo/XAO_0003142	myotome of tail somite 17
http://purl.obolibrary.org/obo/XPO_0139414	decreased cell population proliferation in myotome of tail somite 18	http://purl.obolibrary.org/obo/GO_0008283	cell population proliferation	http://purl.obolibrary.org/obo/XAO_0004622	myotome of tail somite 18
http://purl.obolibrary.org/obo/XPO_0138664	decreased cell population proliferation in myotome of trunk somite 1	http://purl.obolibrary.org/obo/GO_0008283	cell population proliferation	http://purl.obolibrary.org/obo/XAO_0003108	myotome of trunk somite 1
http://purl.obolibrary.org/obo/XPO_0138684	decreased cell population proliferation in myotome of trunk somite 10	http://purl.obolibrary.org/obo/GO_0008283	cell population proliferation	http://purl.obolibrary.org/obo/XAO_0003128	myotome of trunk somite 10
http://purl.obolibrary.org/obo/XPO_0138686	decreased cell population proliferation in myotome of trunk somite 11	http://purl.obolibrary.org/obo/GO_0008283	cell population proliferation	http://purl.obolibrary.org/obo/XAO_0003130	myotome of trunk somite 11
http://purl.obolibrary.org/obo/XPO_0138688	decreased cell population proliferation in myotome of trunk somite 12	http://purl.obolibrary.org/obo/GO_0008283	cell population proliferation	http://purl.obolibrary.org/obo/XAO_0003132	myotome of trunk somite 12
http://purl.obolibrary.org/obo/XPO_0138690	decreased cell population proliferation in myotome of trunk somite 13	http://purl.obolibrary.org/obo/GO_0008283	cell population proliferation	http://purl.obolibrary.org/obo/XAO_0003134	myotome of trunk somite 13
http://purl.obolibrary.org/obo/XPO_0138665	decreased cell population proliferation in myotome of trunk somite 2	http://purl.obolibrary.org/obo/GO_0008283	cell population proliferation	http://purl.obolibrary.org/obo/XAO_0003109	myotome of trunk somite 2
http://purl.obolibrary.org/obo/XPO_0138666	decreased cell population proliferation in myotome of trunk somite 3	http://purl.obolibrary.org/obo/GO_0008283	cell population proliferation	http://purl.obolibrary.org/obo/XAO_0003110	myotome of trunk somite 3
http://purl.obolibrary.org/obo/XPO_0138667	decreased cell population proliferation in myotome of trunk somite 4	http://purl.obolibrary.org/obo/GO_0008283	cell population proliferation	http://purl.obolibrary.org/obo/XAO_0003111	myotome of trunk somite 4
http://purl.obolibrary.org/obo/XPO_0138673	decreased cell population proliferation in myotome of trunk somite 5	http://purl.obolibrary.org/obo/GO_0008283	cell population proliferation	http://purl.obolibrary.org/obo/XAO_0003117	myotome of trunk somite 5
http://purl.obolibrary.org/obo/XPO_0138674	decreased cell population proliferation in myotome of trunk somite 6	http://purl.obolibrary.org/obo/GO_0008283	cell population proliferation	http://purl.obolibrary.org/obo/XAO_0003118	myotome of trunk somite 6
http://purl.obolibrary.org/obo/XPO_0138675	decreased cell population proliferation in myotome of trunk somite 7	http://purl.obolibrary.org/obo/GO_0008283	cell population proliferation	http://purl.obolibrary.org/obo/XAO_0003119	myotome of trunk somite 7
http://purl.obolibrary.org/obo/XPO_0138676	decreased cell population proliferation in myotome of trunk somite 8	http://purl.obolibrary.org/obo/GO_0008283	cell population proliferation	http://purl.obolibrary.org/obo/XAO_0003120	myotome of trunk somite 8
http://purl.obolibrary.org/obo/XPO_0138681	decreased cell population proliferation in myotome of trunk somite 9	http://purl.obolibrary.org/obo/GO_0008283	cell population proliferation	http://purl.obolibrary.org/obo/XAO_0003125	myotome of trunk somite 9
http://purl.obolibrary.org/obo/XPO_0138991	decreased cell population proliferation in nasociliary artery	http://purl.obolibrary.org/obo/GO_0008283	cell population proliferation	http://purl.obolibrary.org/obo/XAO_0004175	nasociliary artery
http://purl.obolibrary.org/obo/XPO_0139681	decreased cell population proliferation in nasociliary nerve	http://purl.obolibrary.org/obo/GO_0008283	cell population proliferation	http://purl.obolibrary.org/obo/XAO_0005292	nasociliary nerve
http://purl.obolibrary.org/obo/XPO_0138711	decreased cell population proliferation in natural killer cell	http://purl.obolibrary.org/obo/GO_0008283	cell population proliferation	http://purl.obolibrary.org/obo/XAO_0003156	natural killer cell
http://purl.obolibrary.org/obo/XPO_0138616	decreased cell population proliferation in nerve	http://purl.obolibrary.org/obo/GO_0008283	cell population proliferation	http://purl.obolibrary.org/obo/XAO_0003047	nerve
http://purl.obolibrary.org/obo/XPO_0138319	decreased cell population proliferation in nervous system	http://purl.obolibrary.org/obo/GO_0008283	cell population proliferation	http://purl.obolibrary.org/obo/XAO_0000177	nervous system
http://purl.obolibrary.org/obo/XPO_0138204	decreased cell population proliferation in neural crest	http://purl.obolibrary.org/obo/GO_0008283	cell population proliferation	http://purl.obolibrary.org/obo/XAO_0000048	neural crest
http://purl.obolibrary.org/obo/XPO_0138903	decreased cell population proliferation in neural fold	http://purl.obolibrary.org/obo/GO_0008283	cell population proliferation	http://purl.obolibrary.org/obo/XAO_0004087	neural fold
http://purl.obolibrary.org/obo/XPO_0138380	decreased cell population proliferation in neural groove	http://purl.obolibrary.org/obo/GO_0008283	cell population proliferation	http://purl.obolibrary.org/obo/XAO_0000248	neural groove
http://purl.obolibrary.org/obo/XPO_0139403	decreased cell population proliferation in neural nucleus	http://purl.obolibrary.org/obo/GO_0008283	cell population proliferation	http://purl.obolibrary.org/obo/XAO_0004609	neural nucleus
http://purl.obolibrary.org/obo/XPO_0138381	decreased cell population proliferation in neural plate	http://purl.obolibrary.org/obo/GO_0008283	cell population proliferation	http://purl.obolibrary.org/obo/XAO_0000249	neural plate
http://purl.obolibrary.org/obo/XPO_0138920	decreased cell population proliferation in neural plate border	http://purl.obolibrary.org/obo/GO_0008283	cell population proliferation	http://purl.obolibrary.org/obo/XAO_0004104	neural plate border
http://purl.obolibrary.org/obo/XPO_0139453	decreased cell population proliferation in neural progenitor cell	http://purl.obolibrary.org/obo/GO_0008283	cell population proliferation	http://purl.obolibrary.org/obo/XAO_0005034	neural progenitor cell
http://purl.obolibrary.org/obo/XPO_0139451	decreased cell population proliferation in neural stem cell	http://purl.obolibrary.org/obo/GO_0008283	cell population proliferation	http://purl.obolibrary.org/obo/XAO_0005032	neural stem cell
http://purl.obolibrary.org/obo/XPO_0138752	decreased cell population proliferation in neural tube	http://purl.obolibrary.org/obo/GO_0008283	cell population proliferation	http://purl.obolibrary.org/obo/XAO_0003204	neural tube
http://purl.obolibrary.org/obo/XPO_0139648	decreased cell population proliferation in neurenteric canal	http://purl.obolibrary.org/obo/GO_0008283	cell population proliferation	http://purl.obolibrary.org/obo/XAO_0005245	neurenteric canal
http://purl.obolibrary.org/obo/XPO_0138723	decreased cell population proliferation in neurocranium	http://purl.obolibrary.org/obo/GO_0008283	cell population proliferation	http://purl.obolibrary.org/obo/XAO_0003170	neurocranium
http://purl.obolibrary.org/obo/XPO_0138198	decreased cell population proliferation in neuroectoderm	http://purl.obolibrary.org/obo/GO_0008283	cell population proliferation	http://purl.obolibrary.org/obo/XAO_0000042	neuroectoderm
http://purl.obolibrary.org/obo/XPO_0138200	decreased cell population proliferation in neuroectoderm inner layer	http://purl.obolibrary.org/obo/GO_0008283	cell population proliferation	http://purl.obolibrary.org/obo/XAO_0000044	neuroectoderm inner layer
http://purl.obolibrary.org/obo/XPO_0138199	decreased cell population proliferation in neuroectoderm outer layer	http://purl.obolibrary.org/obo/GO_0008283	cell population proliferation	http://purl.obolibrary.org/obo/XAO_0000043	neuroectoderm outer layer
http://purl.obolibrary.org/obo/XPO_0139292	decreased cell population proliferation in neuroendocrine cell	http://purl.obolibrary.org/obo/GO_0008283	cell population proliferation	http://purl.obolibrary.org/obo/XAO_0004485	neuroendocrine cell
http://purl.obolibrary.org/obo/XPO_0139412	decreased cell population proliferation in neurogenic placode	http://purl.obolibrary.org/obo/GO_0008283	cell population proliferation	http://purl.obolibrary.org/obo/XAO_0004620	neurogenic placode
http://purl.obolibrary.org/obo/XPO_0139604	decreased cell population proliferation in neurohypophysis	http://purl.obolibrary.org/obo/GO_0008283	cell population proliferation	http://purl.obolibrary.org/obo/XAO_0005187	neurohypophysis
http://purl.obolibrary.org/obo/XPO_0138805	decreased cell population proliferation in neuromast mantle cell	http://purl.obolibrary.org/obo/GO_0008283	cell population proliferation	http://purl.obolibrary.org/obo/XAO_0003258	neuromast mantle cell
http://purl.obolibrary.org/obo/XPO_0138806	decreased cell population proliferation in neuromast support cell	http://purl.obolibrary.org/obo/GO_0008283	cell population proliferation	http://purl.obolibrary.org/obo/XAO_0003259	neuromast support cell
http://purl.obolibrary.org/obo/XPO_0139396	decreased cell population proliferation in neuromere	http://purl.obolibrary.org/obo/GO_0008283	cell population proliferation	http://purl.obolibrary.org/obo/XAO_0004597	neuromere
http://purl.obolibrary.org/obo/XPO_0138594	decreased cell population proliferation in neuron	http://purl.obolibrary.org/obo/GO_0008283	cell population proliferation	http://purl.obolibrary.org/obo/XAO_0003023	neuron
http://purl.obolibrary.org/obo/XPO_0139448	decreased cell population proliferation in neuropil of the optic tectum	http://purl.obolibrary.org/obo/GO_0008283	cell population proliferation	http://purl.obolibrary.org/obo/XAO_0005029	neuropil of the optic tectum
http://purl.obolibrary.org/obo/XPO_0139613	decreased cell population proliferation in neutrophil	http://purl.obolibrary.org/obo/GO_0008283	cell population proliferation	http://purl.obolibrary.org/obo/XAO_0005196	neutrophil
http://purl.obolibrary.org/obo/XPO_0139041	decreased cell population proliferation in non-ciliated epithelial cell	http://purl.obolibrary.org/obo/GO_0008283	cell population proliferation	http://purl.obolibrary.org/obo/XAO_0004225	non-ciliated epithelial cell
http://purl.obolibrary.org/obo/XPO_0139405	decreased cell population proliferation in non-cililated epidermal cell	http://purl.obolibrary.org/obo/GO_0008283	cell population proliferation	http://purl.obolibrary.org/obo/XAO_0004613	non-cililated epidermal cell
http://purl.obolibrary.org/obo/XPO_0138384	decreased cell population proliferation in non-involuting marginal zone	http://purl.obolibrary.org/obo/GO_0008283	cell population proliferation	http://purl.obolibrary.org/obo/XAO_0000253	non-involuting marginal zone
http://purl.obolibrary.org/obo/XPO_0138854	decreased cell population proliferation in non-mineralized avascular GAG-rich matrix	http://purl.obolibrary.org/obo/GO_0008283	cell population proliferation	http://purl.obolibrary.org/obo/XAO_0004037	non-mineralized avascular GAG-rich matrix
http://purl.obolibrary.org/obo/XPO_0138860	decreased cell population proliferation in non-mineralized cartilage tissue	http://purl.obolibrary.org/obo/GO_0008283	cell population proliferation	http://purl.obolibrary.org/obo/XAO_0004043	non-mineralized cartilage tissue
http://purl.obolibrary.org/obo/XPO_0139016	decreased cell population proliferation in non-mineralized chondroid tissue	http://purl.obolibrary.org/obo/GO_0008283	cell population proliferation	http://purl.obolibrary.org/obo/XAO_0004200	non-mineralized chondroid tissue
http://purl.obolibrary.org/obo/XPO_0138861	decreased cell population proliferation in non-mineralized hyaline cartilage tissue	http://purl.obolibrary.org/obo/GO_0008283	cell population proliferation	http://purl.obolibrary.org/obo/XAO_0004044	non-mineralized hyaline cartilage tissue
http://purl.obolibrary.org/obo/XPO_0138907	decreased cell population proliferation in non-neural ectoderm	http://purl.obolibrary.org/obo/GO_0008283	cell population proliferation	http://purl.obolibrary.org/obo/XAO_0004091	non-neural ectoderm
http://purl.obolibrary.org/obo/XPO_0139672	decreased cell population proliferation in non-neurogenic ectodermal placode	http://purl.obolibrary.org/obo/GO_0008283	cell population proliferation	http://purl.obolibrary.org/obo/XAO_0005283	non-neurogenic ectodermal placode
http://purl.obolibrary.org/obo/XPO_0138211	decreased cell population proliferation in notochord	http://purl.obolibrary.org/obo/GO_0008283	cell population proliferation	http://purl.obolibrary.org/obo/XAO_0000055	notochord
http://purl.obolibrary.org/obo/XPO_0138571	decreased cell population proliferation in notochordal epithelium	http://purl.obolibrary.org/obo/GO_0008283	cell population proliferation	http://purl.obolibrary.org/obo/XAO_0001021	notochordal epithelium
http://purl.obolibrary.org/obo/XPO_0138510	decreased cell population proliferation in notochordal sheath	http://purl.obolibrary.org/obo/GO_0008283	cell population proliferation	http://purl.obolibrary.org/obo/XAO_0000415	notochordal sheath
http://purl.obolibrary.org/obo/XPO_0138203	decreased cell population proliferation in notoplate	http://purl.obolibrary.org/obo/GO_0008283	cell population proliferation	http://purl.obolibrary.org/obo/XAO_0000047	notoplate
http://purl.obolibrary.org/obo/XPO_0138807	decreased cell population proliferation in nucleate erythrocyte	http://purl.obolibrary.org/obo/GO_0008283	cell population proliferation	http://purl.obolibrary.org/obo/XAO_0003260	nucleate erythrocyte
http://purl.obolibrary.org/obo/XPO_0139375	decreased cell population proliferation in nucleus accumbens	http://purl.obolibrary.org/obo/GO_0008283	cell population proliferation	http://purl.obolibrary.org/obo/XAO_0004575	nucleus accumbens
http://purl.obolibrary.org/obo/XPO_0139376	decreased cell population proliferation in nucleus of the diagonal band	http://purl.obolibrary.org/obo/GO_0008283	cell population proliferation	http://purl.obolibrary.org/obo/XAO_0004576	nucleus of the diagonal band
http://purl.obolibrary.org/obo/XPO_0139467	decreased cell population proliferation in nucleus of the solitary tract	http://purl.obolibrary.org/obo/GO_0008283	cell population proliferation	http://purl.obolibrary.org/obo/XAO_0005048	nucleus of the solitary tract
http://purl.obolibrary.org/obo/XPO_0139473	decreased cell population proliferation in nucleus reticularis inferior	http://purl.obolibrary.org/obo/GO_0008283	cell population proliferation	http://purl.obolibrary.org/obo/XAO_0005054	nucleus reticularis inferior
http://purl.obolibrary.org/obo/XPO_0139471	decreased cell population proliferation in nucleus reticularis medialis	http://purl.obolibrary.org/obo/GO_0008283	cell population proliferation	http://purl.obolibrary.org/obo/XAO_0005052	nucleus reticularis medialis
http://purl.obolibrary.org/obo/XPO_0139472	decreased cell population proliferation in nucleus reticularis superior	http://purl.obolibrary.org/obo/GO_0008283	cell population proliferation	http://purl.obolibrary.org/obo/XAO_0005053	nucleus reticularis superior
http://purl.obolibrary.org/obo/XPO_0138543	decreased cell population proliferation in occipital lateral line	http://purl.obolibrary.org/obo/GO_0008283	cell population proliferation	http://purl.obolibrary.org/obo/XAO_0000458	occipital lateral line
http://purl.obolibrary.org/obo/XPO_0138726	decreased cell population proliferation in occipital region	http://purl.obolibrary.org/obo/GO_0008283	cell population proliferation	http://purl.obolibrary.org/obo/XAO_0003173	occipital region
http://purl.obolibrary.org/obo/XPO_0138465	decreased cell population proliferation in occipitovertebral artery	http://purl.obolibrary.org/obo/GO_0008283	cell population proliferation	http://purl.obolibrary.org/obo/XAO_0000363	occipitovertebral artery
http://purl.obolibrary.org/obo/XPO_0139196	decreased cell population proliferation in oculomotor motornucleus	http://purl.obolibrary.org/obo/GO_0008283	cell population proliferation	http://purl.obolibrary.org/obo/XAO_0004389	oculomotor motornucleus
http://purl.obolibrary.org/obo/XPO_0138647	decreased cell population proliferation in oculomotor nerve	http://purl.obolibrary.org/obo/GO_0008283	cell population proliferation	http://purl.obolibrary.org/obo/XAO_0003090	oculomotor nerve
http://purl.obolibrary.org/obo/XPO_0139017	decreased cell population proliferation in odontode tissue	http://purl.obolibrary.org/obo/GO_0008283	cell population proliferation	http://purl.obolibrary.org/obo/XAO_0004201	odontode tissue
http://purl.obolibrary.org/obo/XPO_0138862	decreased cell population proliferation in odontogenic papilla	http://purl.obolibrary.org/obo/GO_0008283	cell population proliferation	http://purl.obolibrary.org/obo/XAO_0004045	odontogenic papilla
http://purl.obolibrary.org/obo/XPO_0138863	decreased cell population proliferation in odontoid tissue	http://purl.obolibrary.org/obo/GO_0008283	cell population proliferation	http://purl.obolibrary.org/obo/XAO_0004046	odontoid tissue
http://purl.obolibrary.org/obo/XPO_0138996	decreased cell population proliferation in olfactory bulb	http://purl.obolibrary.org/obo/GO_0008283	cell population proliferation	http://purl.obolibrary.org/obo/XAO_0004180	olfactory bulb
http://purl.obolibrary.org/obo/XPO_0138808	decreased cell population proliferation in olfactory epithelial support cell	http://purl.obolibrary.org/obo/GO_0008283	cell population proliferation	http://purl.obolibrary.org/obo/XAO_0003261	olfactory epithelial support cell
http://purl.obolibrary.org/obo/XPO_0139443	decreased cell population proliferation in olfactory epithelium	http://purl.obolibrary.org/obo/GO_0008283	cell population proliferation	http://purl.obolibrary.org/obo/XAO_0005024	olfactory epithelium
http://purl.obolibrary.org/obo/XPO_0138521	decreased cell population proliferation in olfactory nerve	http://purl.obolibrary.org/obo/GO_0008283	cell population proliferation	http://purl.obolibrary.org/obo/XAO_0000426	olfactory nerve
http://purl.obolibrary.org/obo/XPO_0138404	decreased cell population proliferation in olfactory organ	http://purl.obolibrary.org/obo/GO_0008283	cell population proliferation	http://purl.obolibrary.org/obo/XAO_0000273	olfactory organ
http://purl.obolibrary.org/obo/XPO_0138163	decreased cell population proliferation in olfactory placode	http://purl.obolibrary.org/obo/GO_0008283	cell population proliferation	http://purl.obolibrary.org/obo/XAO_0000005	olfactory placode
http://purl.obolibrary.org/obo/XPO_0138725	decreased cell population proliferation in olfactory region	http://purl.obolibrary.org/obo/GO_0008283	cell population proliferation	http://purl.obolibrary.org/obo/XAO_0003172	olfactory region
http://purl.obolibrary.org/obo/XPO_0139331	decreased cell population proliferation in olfactory sensory neuron	http://purl.obolibrary.org/obo/GO_0008283	cell population proliferation	http://purl.obolibrary.org/obo/XAO_0004527	olfactory sensory neuron
http://purl.obolibrary.org/obo/XPO_0138744	decreased cell population proliferation in olfactory system	http://purl.obolibrary.org/obo/GO_0008283	cell population proliferation	http://purl.obolibrary.org/obo/XAO_0003196	olfactory system
http://purl.obolibrary.org/obo/XPO_0139551	decreased cell population proliferation in oligodendrocyte	http://purl.obolibrary.org/obo/GO_0008283	cell population proliferation	http://purl.obolibrary.org/obo/XAO_0005133	oligodendrocyte
http://purl.obolibrary.org/obo/XPO_0138477	decreased cell population proliferation in omphalomesenteric vein	http://purl.obolibrary.org/obo/GO_0008283	cell population proliferation	http://purl.obolibrary.org/obo/XAO_0000376	omphalomesenteric vein
http://purl.obolibrary.org/obo/XPO_0138387	decreased cell population proliferation in oocyte	http://purl.obolibrary.org/obo/GO_0008283	cell population proliferation	http://purl.obolibrary.org/obo/XAO_0000256	oocyte
http://purl.obolibrary.org/obo/XPO_0138470	decreased cell population proliferation in ophthalmic artery	http://purl.obolibrary.org/obo/GO_0008283	cell population proliferation	http://purl.obolibrary.org/obo/XAO_0000368	ophthalmic artery
http://purl.obolibrary.org/obo/XPO_0138985	decreased cell population proliferation in ophthalmic vein	http://purl.obolibrary.org/obo/GO_0008283	cell population proliferation	http://purl.obolibrary.org/obo/XAO_0004169	ophthalmic vein
http://purl.obolibrary.org/obo/XPO_0138888	decreased cell population proliferation in optic chiasm	http://purl.obolibrary.org/obo/GO_0008283	cell population proliferation	http://purl.obolibrary.org/obo/XAO_0004071	optic chiasm
http://purl.obolibrary.org/obo/XPO_0138992	decreased cell population proliferation in optic choroid vascular plexus	http://purl.obolibrary.org/obo/GO_0008283	cell population proliferation	http://purl.obolibrary.org/obo/XAO_0004176	optic choroid vascular plexus
http://purl.obolibrary.org/obo/XPO_0139485	decreased cell population proliferation in optic disc	http://purl.obolibrary.org/obo/GO_0008283	cell population proliferation	http://purl.obolibrary.org/obo/XAO_0005066	optic disc
http://purl.obolibrary.org/obo/XPO_0138768	decreased cell population proliferation in optic fiber layer	http://purl.obolibrary.org/obo/GO_0008283	cell population proliferation	http://purl.obolibrary.org/obo/XAO_0003220	optic fiber layer
http://purl.obolibrary.org/obo/XPO_0138906	decreased cell population proliferation in optic field	http://purl.obolibrary.org/obo/GO_0008283	cell population proliferation	http://purl.obolibrary.org/obo/XAO_0004090	optic field
http://purl.obolibrary.org/obo/XPO_0138329	decreased cell population proliferation in optic nerve	http://purl.obolibrary.org/obo/GO_0008283	cell population proliferation	http://purl.obolibrary.org/obo/XAO_0000188	optic nerve
http://purl.obolibrary.org/obo/XPO_0138557	decreased cell population proliferation in optic stalk	http://purl.obolibrary.org/obo/GO_0008283	cell population proliferation	http://purl.obolibrary.org/obo/XAO_0000475	optic stalk
http://purl.obolibrary.org/obo/XPO_0138774	decreased cell population proliferation in optic tectum	http://purl.obolibrary.org/obo/GO_0008283	cell population proliferation	http://purl.obolibrary.org/obo/XAO_0003226	optic tectum
http://purl.obolibrary.org/obo/XPO_0138917	decreased cell population proliferation in optic tract	http://purl.obolibrary.org/obo/GO_0008283	cell population proliferation	http://purl.obolibrary.org/obo/XAO_0004101	optic tract
http://purl.obolibrary.org/obo/XPO_0138361	decreased cell population proliferation in optic vesicle	http://purl.obolibrary.org/obo/GO_0008283	cell population proliferation	http://purl.obolibrary.org/obo/XAO_0000228	optic vesicle
http://purl.obolibrary.org/obo/XPO_0138749	decreased cell population proliferation in oral epithelium	http://purl.obolibrary.org/obo/GO_0008283	cell population proliferation	http://purl.obolibrary.org/obo/XAO_0003201	oral epithelium
http://purl.obolibrary.org/obo/XPO_0138388	decreased cell population proliferation in oral evagination	http://purl.obolibrary.org/obo/GO_0008283	cell population proliferation	http://purl.obolibrary.org/obo/XAO_0000257	oral evagination
http://purl.obolibrary.org/obo/XPO_0138724	decreased cell population proliferation in orbital region	http://purl.obolibrary.org/obo/GO_0008283	cell population proliferation	http://purl.obolibrary.org/obo/XAO_0003171	orbital region
http://purl.obolibrary.org/obo/XPO_0139275	decreased cell population proliferation in organ cortex	http://purl.obolibrary.org/obo/GO_0008283	cell population proliferation	http://purl.obolibrary.org/obo/XAO_0004468	organ cortex
http://purl.obolibrary.org/obo/XPO_0139293	decreased cell population proliferation in organ part	http://purl.obolibrary.org/obo/GO_0008283	cell population proliferation	http://purl.obolibrary.org/obo/XAO_0004486	organ part
http://purl.obolibrary.org/obo/XPO_0138585	decreased cell population proliferation in organism subdivision	http://purl.obolibrary.org/obo/GO_0008283	cell population proliferation	http://purl.obolibrary.org/obo/XAO_0003013	organism subdivision
http://purl.obolibrary.org/obo/XPO_0138864	decreased cell population proliferation in oropharyngeal papilla	http://purl.obolibrary.org/obo/GO_0008283	cell population proliferation	http://purl.obolibrary.org/obo/XAO_0004047	oropharyngeal papilla
http://purl.obolibrary.org/obo/XPO_0138865	decreased cell population proliferation in oropharynx	http://purl.obolibrary.org/obo/GO_0008283	cell population proliferation	http://purl.obolibrary.org/obo/XAO_0004048	oropharynx
http://purl.obolibrary.org/obo/XPO_0138334	decreased cell population proliferation in osseous labyrinth	http://purl.obolibrary.org/obo/GO_0008283	cell population proliferation	http://purl.obolibrary.org/obo/XAO_0000193	osseous labyrinth
http://purl.obolibrary.org/obo/XPO_0139009	decreased cell population proliferation in ossicle	http://purl.obolibrary.org/obo/GO_0008283	cell population proliferation	http://purl.obolibrary.org/obo/XAO_0004193	ossicle
http://purl.obolibrary.org/obo/XPO_0139314	decreased cell population proliferation in osteoblast	http://purl.obolibrary.org/obo/GO_0008283	cell population proliferation	http://purl.obolibrary.org/obo/XAO_0004507	osteoblast
http://purl.obolibrary.org/obo/XPO_0138852	decreased cell population proliferation in osteoid	http://purl.obolibrary.org/obo/GO_0008283	cell population proliferation	http://purl.obolibrary.org/obo/XAO_0004035	osteoid
http://purl.obolibrary.org/obo/XPO_0139629	decreased cell population proliferation in otic capsule	http://purl.obolibrary.org/obo/GO_0008283	cell population proliferation	http://purl.obolibrary.org/obo/XAO_0005225	otic capsule
http://purl.obolibrary.org/obo/XPO_0138356	decreased cell population proliferation in otic placode	http://purl.obolibrary.org/obo/GO_0008283	cell population proliferation	http://purl.obolibrary.org/obo/XAO_0000223	otic placode
http://purl.obolibrary.org/obo/XPO_0138728	decreased cell population proliferation in otic region	http://purl.obolibrary.org/obo/GO_0008283	cell population proliferation	http://purl.obolibrary.org/obo/XAO_0003175	otic region
http://purl.obolibrary.org/obo/XPO_0138164	decreased cell population proliferation in otic vesicle	http://purl.obolibrary.org/obo/GO_0008283	cell population proliferation	http://purl.obolibrary.org/obo/XAO_0000006	otic vesicle
http://purl.obolibrary.org/obo/XPO_0138161	decreased cell population proliferation in outer fin	http://purl.obolibrary.org/obo/GO_0008283	cell population proliferation	http://purl.obolibrary.org/obo/XAO_0000003	outer fin
http://purl.obolibrary.org/obo/XPO_0138772	decreased cell population proliferation in outer limiting membrane	http://purl.obolibrary.org/obo/GO_0008283	cell population proliferation	http://purl.obolibrary.org/obo/XAO_0003224	outer limiting membrane
http://purl.obolibrary.org/obo/XPO_0138955	decreased cell population proliferation in outflow tract	http://purl.obolibrary.org/obo/GO_0008283	cell population proliferation	http://purl.obolibrary.org/obo/XAO_0004139	outflow tract
http://purl.obolibrary.org/obo/XPO_0138389	decreased cell population proliferation in ovary	http://purl.obolibrary.org/obo/GO_0008283	cell population proliferation	http://purl.obolibrary.org/obo/XAO_0000258	ovary
http://purl.obolibrary.org/obo/XPO_0138621	decreased cell population proliferation in oviduct	http://purl.obolibrary.org/obo/GO_0008283	cell population proliferation	http://purl.obolibrary.org/obo/XAO_0003052	oviduct
http://purl.obolibrary.org/obo/XPO_0138809	decreased cell population proliferation in oxygen accumulating cell	http://purl.obolibrary.org/obo/GO_0008283	cell population proliferation	http://purl.obolibrary.org/obo/XAO_0003262	oxygen accumulating cell
http://purl.obolibrary.org/obo/XPO_0139098	decreased cell population proliferation in paired appendage	http://purl.obolibrary.org/obo/GO_0008283	cell population proliferation	http://purl.obolibrary.org/obo/XAO_0004283	paired appendage
http://purl.obolibrary.org/obo/XPO_0139438	decreased cell population proliferation in paired dorsal aorta	http://purl.obolibrary.org/obo/GO_0008283	cell population proliferation	http://purl.obolibrary.org/obo/XAO_0005019	paired dorsal aorta
http://purl.obolibrary.org/obo/XPO_0139034	decreased cell population proliferation in palatoquadrate	http://purl.obolibrary.org/obo/GO_0008283	cell population proliferation	http://purl.obolibrary.org/obo/XAO_0004218	palatoquadrate
http://purl.obolibrary.org/obo/XPO_0139188	decreased cell population proliferation in palatoquadrati	http://purl.obolibrary.org/obo/GO_0008283	cell population proliferation	http://purl.obolibrary.org/obo/XAO_0004378	palatoquadrati
http://purl.obolibrary.org/obo/XPO_0139377	decreased cell population proliferation in pallidum	http://purl.obolibrary.org/obo/GO_0008283	cell population proliferation	http://purl.obolibrary.org/obo/XAO_0004578	pallidum
http://purl.obolibrary.org/obo/XPO_0139116	decreased cell population proliferation in pallium	http://purl.obolibrary.org/obo/GO_0008283	cell population proliferation	http://purl.obolibrary.org/obo/XAO_0004302	pallium
http://purl.obolibrary.org/obo/XPO_0138284	decreased cell population proliferation in pancreas	http://purl.obolibrary.org/obo/GO_0008283	cell population proliferation	http://purl.obolibrary.org/obo/XAO_0000136	pancreas
http://purl.obolibrary.org/obo/XPO_0139469	decreased cell population proliferation in parabrachial area	http://purl.obolibrary.org/obo/GO_0008283	cell population proliferation	http://purl.obolibrary.org/obo/XAO_0005050	parabrachial area
http://purl.obolibrary.org/obo/XPO_0139182	decreased cell population proliferation in parachordal	http://purl.obolibrary.org/obo/GO_0008283	cell population proliferation	http://purl.obolibrary.org/obo/XAO_0004372	parachordal
http://purl.obolibrary.org/obo/XPO_0138810	decreased cell population proliferation in paracrine cell	http://purl.obolibrary.org/obo/GO_0008283	cell population proliferation	http://purl.obolibrary.org/obo/XAO_0003263	paracrine cell
http://purl.obolibrary.org/obo/XPO_0138309	decreased cell population proliferation in parathyroid	http://purl.obolibrary.org/obo/GO_0008283	cell population proliferation	http://purl.obolibrary.org/obo/XAO_0000167	parathyroid
http://purl.obolibrary.org/obo/XPO_0138390	decreased cell population proliferation in paraxial mesoderm	http://purl.obolibrary.org/obo/GO_0008283	cell population proliferation	http://purl.obolibrary.org/obo/XAO_0000259	paraxial mesoderm
http://purl.obolibrary.org/obo/XPO_0139564	decreased cell population proliferation in parotic crest	http://purl.obolibrary.org/obo/GO_0008283	cell population proliferation	http://purl.obolibrary.org/obo/XAO_0005147	parotic crest
http://purl.obolibrary.org/obo/XPO_0139605	decreased cell population proliferation in pars distalis	http://purl.obolibrary.org/obo/GO_0008283	cell population proliferation	http://purl.obolibrary.org/obo/XAO_0005188	pars distalis
http://purl.obolibrary.org/obo/XPO_0139559	decreased cell population proliferation in pars externa of the stapes	http://purl.obolibrary.org/obo/GO_0008283	cell population proliferation	http://purl.obolibrary.org/obo/XAO_0005141	pars externa of the stapes
http://purl.obolibrary.org/obo/XPO_0139607	decreased cell population proliferation in pars intermedia	http://purl.obolibrary.org/obo/GO_0008283	cell population proliferation	http://purl.obolibrary.org/obo/XAO_0005190	pars intermedia
http://purl.obolibrary.org/obo/XPO_0139561	decreased cell population proliferation in pars interna of the stapes	http://purl.obolibrary.org/obo/GO_0008283	cell population proliferation	http://purl.obolibrary.org/obo/XAO_0005143	pars interna of the stapes
http://purl.obolibrary.org/obo/XPO_0139560	decreased cell population proliferation in pars media of the stapes	http://purl.obolibrary.org/obo/GO_0008283	cell population proliferation	http://purl.obolibrary.org/obo/XAO_0005142	pars media of the stapes
http://purl.obolibrary.org/obo/XPO_0139606	decreased cell population proliferation in pars nervosa	http://purl.obolibrary.org/obo/GO_0008283	cell population proliferation	http://purl.obolibrary.org/obo/XAO_0005189	pars nervosa
http://purl.obolibrary.org/obo/XPO_0139099	decreased cell population proliferation in pectoral appendage	http://purl.obolibrary.org/obo/GO_0008283	cell population proliferation	http://purl.obolibrary.org/obo/XAO_0004284	pectoral appendage
http://purl.obolibrary.org/obo/XPO_0138628	decreased cell population proliferation in pectoral girdle	http://purl.obolibrary.org/obo/GO_0008283	cell population proliferation	http://purl.obolibrary.org/obo/XAO_0003063	pectoral girdle
http://purl.obolibrary.org/obo/XPO_0139100	decreased cell population proliferation in pelvic appendage	http://purl.obolibrary.org/obo/GO_0008283	cell population proliferation	http://purl.obolibrary.org/obo/XAO_0004285	pelvic appendage
http://purl.obolibrary.org/obo/XPO_0138629	decreased cell population proliferation in pelvic girdle	http://purl.obolibrary.org/obo/GO_0008283	cell population proliferation	http://purl.obolibrary.org/obo/XAO_0003064	pelvic girdle
http://purl.obolibrary.org/obo/XPO_0139300	decreased cell population proliferation in pelvic girdle primordium	http://purl.obolibrary.org/obo/GO_0008283	cell population proliferation	http://purl.obolibrary.org/obo/XAO_0004493	pelvic girdle primordium
http://purl.obolibrary.org/obo/XPO_0138999	decreased cell population proliferation in pericardial muscle	http://purl.obolibrary.org/obo/GO_0008283	cell population proliferation	http://purl.obolibrary.org/obo/XAO_0004183	pericardial muscle
http://purl.obolibrary.org/obo/XPO_0139000	decreased cell population proliferation in pericardial roof	http://purl.obolibrary.org/obo/GO_0008283	cell population proliferation	http://purl.obolibrary.org/obo/XAO_0004184	pericardial roof
http://purl.obolibrary.org/obo/XPO_0138998	decreased cell population proliferation in pericardium	http://purl.obolibrary.org/obo/GO_0008283	cell population proliferation	http://purl.obolibrary.org/obo/XAO_0004182	pericardium
http://purl.obolibrary.org/obo/XPO_0139129	decreased cell population proliferation in perichondrial cell	http://purl.obolibrary.org/obo/GO_0008283	cell population proliferation	http://purl.obolibrary.org/obo/XAO_0004315	perichondrial cell
http://purl.obolibrary.org/obo/XPO_0138866	decreased cell population proliferation in perichondrium	http://purl.obolibrary.org/obo/GO_0008283	cell population proliferation	http://purl.obolibrary.org/obo/XAO_0004049	perichondrium
http://purl.obolibrary.org/obo/XPO_0138867	decreased cell population proliferation in perichordal tissue	http://purl.obolibrary.org/obo/GO_0008283	cell population proliferation	http://purl.obolibrary.org/obo/XAO_0004050	perichordal tissue
http://purl.obolibrary.org/obo/XPO_0138811	decreased cell population proliferation in pericyte	http://purl.obolibrary.org/obo/GO_0008283	cell population proliferation	http://purl.obolibrary.org/obo/XAO_0003264	pericyte
http://purl.obolibrary.org/obo/XPO_0139704	decreased cell population proliferation in periocular mesenchyme	http://purl.obolibrary.org/obo/GO_0008283	cell population proliferation	http://purl.obolibrary.org/obo/XAO_0005316	periocular mesenchyme
http://purl.obolibrary.org/obo/XPO_0138905	decreased cell population proliferation in periocular region	http://purl.obolibrary.org/obo/GO_0008283	cell population proliferation	http://purl.obolibrary.org/obo/XAO_0004089	periocular region
http://purl.obolibrary.org/obo/XPO_0139310	decreased cell population proliferation in periosteum	http://purl.obolibrary.org/obo/GO_0008283	cell population proliferation	http://purl.obolibrary.org/obo/XAO_0004503	periosteum
http://purl.obolibrary.org/obo/XPO_0139311	decreased cell population proliferation in periosteum (sensu fibrous layer)	http://purl.obolibrary.org/obo/GO_0008283	cell population proliferation	http://purl.obolibrary.org/obo/XAO_0004504	periosteum (sensu fibrous layer)
http://purl.obolibrary.org/obo/XPO_0139312	decreased cell population proliferation in periosteum (sensu osteogenic layer)	http://purl.obolibrary.org/obo/GO_0008283	cell population proliferation	http://purl.obolibrary.org/obo/XAO_0004505	periosteum (sensu osteogenic layer)
http://purl.obolibrary.org/obo/XPO_0139281	decreased cell population proliferation in periotic region	http://purl.obolibrary.org/obo/GO_0008283	cell population proliferation	http://purl.obolibrary.org/obo/XAO_0004474	periotic region
http://purl.obolibrary.org/obo/XPO_0139616	decreased cell population proliferation in peripheral ganglion	http://purl.obolibrary.org/obo/GO_0008283	cell population proliferation	http://purl.obolibrary.org/obo/XAO_0005199	peripheral ganglion
http://purl.obolibrary.org/obo/XPO_0138342	decreased cell population proliferation in peripheral nerve	http://purl.obolibrary.org/obo/GO_0008283	cell population proliferation	http://purl.obolibrary.org/obo/XAO_0000204	peripheral nerve
http://purl.obolibrary.org/obo/XPO_0138320	decreased cell population proliferation in peripheral nervous system	http://purl.obolibrary.org/obo/GO_0008283	cell population proliferation	http://purl.obolibrary.org/obo/XAO_0000178	peripheral nervous system
http://purl.obolibrary.org/obo/XPO_0139265	decreased cell population proliferation in peripheral retina	http://purl.obolibrary.org/obo/GO_0008283	cell population proliferation	http://purl.obolibrary.org/obo/XAO_0004458	peripheral retina
http://purl.obolibrary.org/obo/XPO_0139192	decreased cell population proliferation in peripheral vegetal yolk mass	http://purl.obolibrary.org/obo/GO_0008283	cell population proliferation	http://purl.obolibrary.org/obo/XAO_0004384	peripheral vegetal yolk mass
http://purl.obolibrary.org/obo/XPO_0138287	decreased cell population proliferation in peritoneum	http://purl.obolibrary.org/obo/GO_0008283	cell population proliferation	http://purl.obolibrary.org/obo/XAO_0000139	peritoneum
http://purl.obolibrary.org/obo/XPO_0138391	decreased cell population proliferation in perivitelline space	http://purl.obolibrary.org/obo/GO_0008283	cell population proliferation	http://purl.obolibrary.org/obo/XAO_0000260	perivitelline space
http://purl.obolibrary.org/obo/XPO_0138247	decreased cell population proliferation in pharyngeal arch	http://purl.obolibrary.org/obo/GO_0008283	cell population proliferation	http://purl.obolibrary.org/obo/XAO_0000096	pharyngeal arch
http://purl.obolibrary.org/obo/XPO_0139270	decreased cell population proliferation in pharyngeal endoderm	http://purl.obolibrary.org/obo/GO_0008283	cell population proliferation	http://purl.obolibrary.org/obo/XAO_0004463	pharyngeal endoderm
http://purl.obolibrary.org/obo/XPO_0138750	decreased cell population proliferation in pharyngeal epithelium	http://purl.obolibrary.org/obo/GO_0008283	cell population proliferation	http://purl.obolibrary.org/obo/XAO_0003202	pharyngeal epithelium
http://purl.obolibrary.org/obo/XPO_0139330	decreased cell population proliferation in pharyngeal mesenchyme	http://purl.obolibrary.org/obo/GO_0008283	cell population proliferation	http://purl.obolibrary.org/obo/XAO_0004524	pharyngeal mesenchyme
http://purl.obolibrary.org/obo/XPO_0139076	decreased cell population proliferation in pharyngeal pouch	http://purl.obolibrary.org/obo/GO_0008283	cell population proliferation	http://purl.obolibrary.org/obo/XAO_0004260	pharyngeal pouch
http://purl.obolibrary.org/obo/XPO_0139077	decreased cell population proliferation in pharyngeal region	http://purl.obolibrary.org/obo/GO_0008283	cell population proliferation	http://purl.obolibrary.org/obo/XAO_0004261	pharyngeal region
http://purl.obolibrary.org/obo/XPO_0138775	decreased cell population proliferation in pharynx	http://purl.obolibrary.org/obo/GO_0008283	cell population proliferation	http://purl.obolibrary.org/obo/XAO_0003227	pharynx
http://purl.obolibrary.org/obo/XPO_0138763	decreased cell population proliferation in photoreceptor layer	http://purl.obolibrary.org/obo/GO_0008283	cell population proliferation	http://purl.obolibrary.org/obo/XAO_0003215	photoreceptor layer
http://purl.obolibrary.org/obo/XPO_0139678	decreased cell population proliferation in pia mater	http://purl.obolibrary.org/obo/GO_0008283	cell population proliferation	http://purl.obolibrary.org/obo/XAO_0005289	pia mater
http://purl.obolibrary.org/obo/XPO_0139677	decreased cell population proliferation in pial cell	http://purl.obolibrary.org/obo/GO_0008283	cell population proliferation	http://purl.obolibrary.org/obo/XAO_0005288	pial cell
http://purl.obolibrary.org/obo/XPO_0138586	decreased cell population proliferation in pigment cell	http://purl.obolibrary.org/obo/GO_0008283	cell population proliferation	http://purl.obolibrary.org/obo/XAO_0003014	pigment cell
http://purl.obolibrary.org/obo/XPO_0138392	decreased cell population proliferation in pigment layer	http://purl.obolibrary.org/obo/GO_0008283	cell population proliferation	http://purl.obolibrary.org/obo/XAO_0000261	pigment layer
http://purl.obolibrary.org/obo/XPO_0138303	decreased cell population proliferation in pineal gland	http://purl.obolibrary.org/obo/GO_0008283	cell population proliferation	http://purl.obolibrary.org/obo/XAO_0000160	pineal gland
http://purl.obolibrary.org/obo/XPO_0139184	decreased cell population proliferation in planum hypobranchiale	http://purl.obolibrary.org/obo/GO_0008283	cell population proliferation	http://purl.obolibrary.org/obo/XAO_0004374	planum hypobranchiale
http://purl.obolibrary.org/obo/XPO_0139185	decreased cell population proliferation in planum trabeculare anticum	http://purl.obolibrary.org/obo/GO_0008283	cell population proliferation	http://purl.obolibrary.org/obo/XAO_0004375	planum trabeculare anticum
http://purl.obolibrary.org/obo/XPO_0138754	decreased cell population proliferation in podocyte	http://purl.obolibrary.org/obo/GO_0008283	cell population proliferation	http://purl.obolibrary.org/obo/XAO_0003206	podocyte
http://purl.obolibrary.org/obo/XPO_0138393	decreased cell population proliferation in polar body	http://purl.obolibrary.org/obo/GO_0008283	cell population proliferation	http://purl.obolibrary.org/obo/XAO_0000262	polar body
http://purl.obolibrary.org/obo/XPO_0138818	decreased cell population proliferation in portion of organism substance	http://purl.obolibrary.org/obo/GO_0008283	cell population proliferation	http://purl.obolibrary.org/obo/XAO_0004001	portion of organism substance
http://purl.obolibrary.org/obo/XPO_0138256	decreased cell population proliferation in post-anal gut	http://purl.obolibrary.org/obo/GO_0008283	cell population proliferation	http://purl.obolibrary.org/obo/XAO_0000106	post-anal gut
http://purl.obolibrary.org/obo/XPO_0139069	decreased cell population proliferation in postcaval vein	http://purl.obolibrary.org/obo/GO_0008283	cell population proliferation	http://purl.obolibrary.org/obo/XAO_0004253	postcaval vein
http://purl.obolibrary.org/obo/XPO_0138632	decreased cell population proliferation in postcranial axial skeleton	http://purl.obolibrary.org/obo/GO_0008283	cell population proliferation	http://purl.obolibrary.org/obo/XAO_0003073	postcranial axial skeleton
http://purl.obolibrary.org/obo/XPO_0139004	decreased cell population proliferation in posterior branchial crest	http://purl.obolibrary.org/obo/GO_0008283	cell population proliferation	http://purl.obolibrary.org/obo/XAO_0004188	posterior branchial crest
http://purl.obolibrary.org/obo/XPO_0138374	decreased cell population proliferation in posterior cardinal vein	http://purl.obolibrary.org/obo/GO_0008283	cell population proliferation	http://purl.obolibrary.org/obo/XAO_0000241	posterior cardinal vein
http://purl.obolibrary.org/obo/XPO_0138975	decreased cell population proliferation in posterior cerebral vein	http://purl.obolibrary.org/obo/GO_0008283	cell population proliferation	http://purl.obolibrary.org/obo/XAO_0004159	posterior cerebral vein
http://purl.obolibrary.org/obo/XPO_0139378	decreased cell population proliferation in posterior commissure	http://purl.obolibrary.org/obo/GO_0008283	cell population proliferation	http://purl.obolibrary.org/obo/XAO_0004579	posterior commissure
http://purl.obolibrary.org/obo/XPO_0138949	decreased cell population proliferation in posterior crista	http://purl.obolibrary.org/obo/GO_0008283	cell population proliferation	http://purl.obolibrary.org/obo/XAO_0004133	posterior crista
http://purl.obolibrary.org/obo/XPO_0139691	decreased cell population proliferation in posterior endoderm	http://purl.obolibrary.org/obo/GO_0008283	cell population proliferation	http://purl.obolibrary.org/obo/XAO_0005302	posterior endoderm
http://purl.obolibrary.org/obo/XPO_0139696	decreased cell population proliferation in posterior endomesoderm	http://purl.obolibrary.org/obo/GO_0008283	cell population proliferation	http://purl.obolibrary.org/obo/XAO_0005307	posterior endomesoderm
http://purl.obolibrary.org/obo/XPO_0139546	decreased cell population proliferation in posterior foregut	http://purl.obolibrary.org/obo/GO_0008283	cell population proliferation	http://purl.obolibrary.org/obo/XAO_0005128	posterior foregut
http://purl.obolibrary.org/obo/XPO_0139653	decreased cell population proliferation in posterior hindgut endoderm	http://purl.obolibrary.org/obo/GO_0008283	cell population proliferation	http://purl.obolibrary.org/obo/XAO_0005250	posterior hindgut endoderm
http://purl.obolibrary.org/obo/XPO_0139052	decreased cell population proliferation in posterior hypothalamus	http://purl.obolibrary.org/obo/GO_0008283	cell population proliferation	http://purl.obolibrary.org/obo/XAO_0004236	posterior hypothalamus
http://purl.obolibrary.org/obo/XPO_0139084	decreased cell population proliferation in posterior lateral line	http://purl.obolibrary.org/obo/GO_0008283	cell population proliferation	http://purl.obolibrary.org/obo/XAO_0004268	posterior lateral line
http://purl.obolibrary.org/obo/XPO_0139229	decreased cell population proliferation in posterior lateral line ganglion	http://purl.obolibrary.org/obo/GO_0008283	cell population proliferation	http://purl.obolibrary.org/obo/XAO_0004422	posterior lateral line ganglion
http://purl.obolibrary.org/obo/XPO_0139039	decreased cell population proliferation in posterior lateral line placode	http://purl.obolibrary.org/obo/GO_0008283	cell population proliferation	http://purl.obolibrary.org/obo/XAO_0004223	posterior lateral line placode
http://purl.obolibrary.org/obo/XPO_0139645	decreased cell population proliferation in posterior neural fold	http://purl.obolibrary.org/obo/GO_0008283	cell population proliferation	http://purl.obolibrary.org/obo/XAO_0005242	posterior neural fold
http://purl.obolibrary.org/obo/XPO_0138382	decreased cell population proliferation in posterior neural tube	http://purl.obolibrary.org/obo/GO_0008283	cell population proliferation	http://purl.obolibrary.org/obo/XAO_0000250	posterior neural tube
http://purl.obolibrary.org/obo/XPO_0138458	decreased cell population proliferation in posterior palatine artery	http://purl.obolibrary.org/obo/GO_0008283	cell population proliferation	http://purl.obolibrary.org/obo/XAO_0000354	posterior palatine artery
http://purl.obolibrary.org/obo/XPO_0139023	decreased cell population proliferation in posterior placodal area	http://purl.obolibrary.org/obo/GO_0008283	cell population proliferation	http://purl.obolibrary.org/obo/XAO_0004207	posterior placodal area
http://purl.obolibrary.org/obo/XPO_0139621	decreased cell population proliferation in posterior region	http://purl.obolibrary.org/obo/GO_0008283	cell population proliferation	http://purl.obolibrary.org/obo/XAO_0005217	posterior region
http://purl.obolibrary.org/obo/XPO_0139461	decreased cell population proliferation in posterior semicircular canal	http://purl.obolibrary.org/obo/GO_0008283	cell population proliferation	http://purl.obolibrary.org/obo/XAO_0005042	posterior semicircular canal
http://purl.obolibrary.org/obo/XPO_0139658	decreased cell population proliferation in posterior tail	http://purl.obolibrary.org/obo/GO_0008283	cell population proliferation	http://purl.obolibrary.org/obo/XAO_0005261	posterior tail
http://purl.obolibrary.org/obo/XPO_0139322	decreased cell population proliferation in posterior tectum	http://purl.obolibrary.org/obo/GO_0008283	cell population proliferation	http://purl.obolibrary.org/obo/XAO_0004515	posterior tectum
http://purl.obolibrary.org/obo/XPO_0138487	decreased cell population proliferation in posterior vena cava	http://purl.obolibrary.org/obo/GO_0008283	cell population proliferation	http://purl.obolibrary.org/obo/XAO_0000388	posterior vena cava
http://purl.obolibrary.org/obo/XPO_0139420	decreased cell population proliferation in posterior ventral blood island	http://purl.obolibrary.org/obo/GO_0008283	cell population proliferation	http://purl.obolibrary.org/obo/XAO_0004628	posterior ventral blood island
http://purl.obolibrary.org/obo/XPO_0138259	decreased cell population proliferation in posterior wall of neurenteric canal	http://purl.obolibrary.org/obo/GO_0008283	cell population proliferation	http://purl.obolibrary.org/obo/XAO_0000109	posterior wall of neurenteric canal
http://purl.obolibrary.org/obo/XPO_0139216	decreased cell population proliferation in posterior-proximal mesenchyme	http://purl.obolibrary.org/obo/GO_0008283	cell population proliferation	http://purl.obolibrary.org/obo/XAO_0004409	posterior-proximal mesenchyme
http://purl.obolibrary.org/obo/XPO_0139627	decreased cell population proliferation in postero-dorsal region	http://purl.obolibrary.org/obo/GO_0008283	cell population proliferation	http://purl.obolibrary.org/obo/XAO_0005223	postero-dorsal region
http://purl.obolibrary.org/obo/XPO_0139628	decreased cell population proliferation in postero-ventral region	http://purl.obolibrary.org/obo/GO_0008283	cell population proliferation	http://purl.obolibrary.org/obo/XAO_0005224	postero-ventral region
http://purl.obolibrary.org/obo/XPO_0139380	decreased cell population proliferation in posterodorsal tegmental nucleus	http://purl.obolibrary.org/obo/GO_0008283	cell population proliferation	http://purl.obolibrary.org/obo/XAO_0004581	posterodorsal tegmental nucleus
http://purl.obolibrary.org/obo/XPO_0139381	decreased cell population proliferation in posteroventral tegmental nucleus	http://purl.obolibrary.org/obo/GO_0008283	cell population proliferation	http://purl.obolibrary.org/obo/XAO_0004582	posteroventral tegmental nucleus
http://purl.obolibrary.org/obo/XPO_0139123	decreased cell population proliferation in postmigratory neural crest cell	http://purl.obolibrary.org/obo/GO_0008283	cell population proliferation	http://purl.obolibrary.org/obo/XAO_0004309	postmigratory neural crest cell
http://purl.obolibrary.org/obo/XPO_0139306	decreased cell population proliferation in postsacral vertebra	http://purl.obolibrary.org/obo/GO_0008283	cell population proliferation	http://purl.obolibrary.org/obo/XAO_0004499	postsacral vertebra
http://purl.obolibrary.org/obo/XPO_0138201	decreased cell population proliferation in pre-chordal neural plate	http://purl.obolibrary.org/obo/GO_0008283	cell population proliferation	http://purl.obolibrary.org/obo/XAO_0000045	pre-chordal neural plate
http://purl.obolibrary.org/obo/XPO_0138918	decreased cell population proliferation in pre-chordal neural plate border	http://purl.obolibrary.org/obo/GO_0008283	cell population proliferation	http://purl.obolibrary.org/obo/XAO_0004102	pre-chordal neural plate border
http://purl.obolibrary.org/obo/XPO_0138869	decreased cell population proliferation in pre-dentine	http://purl.obolibrary.org/obo/GO_0008283	cell population proliferation	http://purl.obolibrary.org/obo/XAO_0004052	pre-dentine
http://purl.obolibrary.org/obo/XPO_0139018	decreased cell population proliferation in pre-enamel	http://purl.obolibrary.org/obo/GO_0008283	cell population proliferation	http://purl.obolibrary.org/obo/XAO_0004202	pre-enamel
http://purl.obolibrary.org/obo/XPO_0139019	decreased cell population proliferation in pre-enameloid	http://purl.obolibrary.org/obo/GO_0008283	cell population proliferation	http://purl.obolibrary.org/obo/XAO_0004203	pre-enameloid
http://purl.obolibrary.org/obo/XPO_0138231	decreased cell population proliferation in prechordal plate	http://purl.obolibrary.org/obo/GO_0008283	cell population proliferation	http://purl.obolibrary.org/obo/XAO_0000079	prechordal plate
http://purl.obolibrary.org/obo/XPO_0139578	decreased cell population proliferation in prehallux	http://purl.obolibrary.org/obo/GO_0008283	cell population proliferation	http://purl.obolibrary.org/obo/XAO_0005161	prehallux
http://purl.obolibrary.org/obo/XPO_0139328	decreased cell population proliferation in premigratory neural crest cell	http://purl.obolibrary.org/obo/GO_0008283	cell population proliferation	http://purl.obolibrary.org/obo/XAO_0004522	premigratory neural crest cell
http://purl.obolibrary.org/obo/XPO_0139382	decreased cell population proliferation in preoptic area	http://purl.obolibrary.org/obo/GO_0008283	cell population proliferation	http://purl.obolibrary.org/obo/XAO_0004583	preoptic area
http://purl.obolibrary.org/obo/XPO_0138908	decreased cell population proliferation in preplacodal ectoderm	http://purl.obolibrary.org/obo/GO_0008283	cell population proliferation	http://purl.obolibrary.org/obo/XAO_0004092	preplacodal ectoderm
http://purl.obolibrary.org/obo/XPO_0139577	decreased cell population proliferation in prepollex	http://purl.obolibrary.org/obo/GO_0008283	cell population proliferation	http://purl.obolibrary.org/obo/XAO_0005160	prepollex
http://purl.obolibrary.org/obo/XPO_0138636	decreased cell population proliferation in presacral vertebra	http://purl.obolibrary.org/obo/GO_0008283	cell population proliferation	http://purl.obolibrary.org/obo/XAO_0003077	presacral vertebra
http://purl.obolibrary.org/obo/XPO_0138213	decreased cell population proliferation in presomitic mesoderm	http://purl.obolibrary.org/obo/GO_0008283	cell population proliferation	http://purl.obolibrary.org/obo/XAO_0000057	presomitic mesoderm
http://purl.obolibrary.org/obo/XPO_0139213	decreased cell population proliferation in presumptive axial mesoderm	http://purl.obolibrary.org/obo/GO_0008283	cell population proliferation	http://purl.obolibrary.org/obo/XAO_0004406	presumptive axial mesoderm
http://purl.obolibrary.org/obo/XPO_0138948	decreased cell population proliferation in presumptive ectoderm	http://purl.obolibrary.org/obo/GO_0008283	cell population proliferation	http://purl.obolibrary.org/obo/XAO_0004132	presumptive ectoderm
http://purl.obolibrary.org/obo/XPO_0138902	decreased cell population proliferation in presumptive midbrain-hindbrain boundary	http://purl.obolibrary.org/obo/GO_0008283	cell population proliferation	http://purl.obolibrary.org/obo/XAO_0004086	presumptive midbrain-hindbrain boundary
http://purl.obolibrary.org/obo/XPO_0138950	decreased cell population proliferation in presumptive paraxial mesoderm	http://purl.obolibrary.org/obo/GO_0008283	cell population proliferation	http://purl.obolibrary.org/obo/XAO_0004134	presumptive paraxial mesoderm
http://purl.obolibrary.org/obo/XPO_0139445	decreased cell population proliferation in presumptive rhombomere	http://purl.obolibrary.org/obo/GO_0008283	cell population proliferation	http://purl.obolibrary.org/obo/XAO_0005026	presumptive rhombomere
http://purl.obolibrary.org/obo/XPO_0139117	decreased cell population proliferation in pretectum	http://purl.obolibrary.org/obo/GO_0008283	cell population proliferation	http://purl.obolibrary.org/obo/XAO_0004303	pretectum
http://purl.obolibrary.org/obo/XPO_0139118	decreased cell population proliferation in prethalamus	http://purl.obolibrary.org/obo/GO_0008283	cell population proliferation	http://purl.obolibrary.org/obo/XAO_0004304	prethalamus
http://purl.obolibrary.org/obo/XPO_0139468	decreased cell population proliferation in prethalamus basal plate	http://purl.obolibrary.org/obo/GO_0008283	cell population proliferation	http://purl.obolibrary.org/obo/XAO_0005049	prethalamus basal plate
http://purl.obolibrary.org/obo/XPO_0138583	decreased cell population proliferation in primary germ layer	http://purl.obolibrary.org/obo/GO_0008283	cell population proliferation	http://purl.obolibrary.org/obo/XAO_0003011	primary germ layer
http://purl.obolibrary.org/obo/XPO_0139001	decreased cell population proliferation in primary heart field	http://purl.obolibrary.org/obo/GO_0008283	cell population proliferation	http://purl.obolibrary.org/obo/XAO_0004185	primary heart field
http://purl.obolibrary.org/obo/XPO_0138394	decreased cell population proliferation in primary oogonium	http://purl.obolibrary.org/obo/GO_0008283	cell population proliferation	http://purl.obolibrary.org/obo/XAO_0000263	primary oogonium
http://purl.obolibrary.org/obo/XPO_0138590	decreased cell population proliferation in primary spermatogonium	http://purl.obolibrary.org/obo/GO_0008283	cell population proliferation	http://purl.obolibrary.org/obo/XAO_0003018	primary spermatogonium
http://purl.obolibrary.org/obo/XPO_0139539	decreased cell population proliferation in prime meridian	http://purl.obolibrary.org/obo/GO_0008283	cell population proliferation	http://purl.obolibrary.org/obo/XAO_0005121	prime meridian
http://purl.obolibrary.org/obo/XPO_0138704	decreased cell population proliferation in primordial germ cell	http://purl.obolibrary.org/obo/GO_0008283	cell population proliferation	http://purl.obolibrary.org/obo/XAO_0003149	primordial germ cell
http://purl.obolibrary.org/obo/XPO_0138612	decreased cell population proliferation in primordium	http://purl.obolibrary.org/obo/GO_0008283	cell population proliferation	http://purl.obolibrary.org/obo/XAO_0003043	primordium
http://purl.obolibrary.org/obo/XPO_0138837	decreased cell population proliferation in process	http://purl.obolibrary.org/obo/GO_0008283	cell population proliferation	http://purl.obolibrary.org/obo/XAO_0004020	process
http://purl.obolibrary.org/obo/XPO_0139179	decreased cell population proliferation in processus anterior hyalis	http://purl.obolibrary.org/obo/GO_0008283	cell population proliferation	http://purl.obolibrary.org/obo/XAO_0004369	processus anterior hyalis
http://purl.obolibrary.org/obo/XPO_0139180	decreased cell population proliferation in processus articularis palatoquadrati	http://purl.obolibrary.org/obo/GO_0008283	cell population proliferation	http://purl.obolibrary.org/obo/XAO_0004370	processus articularis palatoquadrati
http://purl.obolibrary.org/obo/XPO_0139181	decreased cell population proliferation in processus ascendens palatoquadrate	http://purl.obolibrary.org/obo/GO_0008283	cell population proliferation	http://purl.obolibrary.org/obo/XAO_0004371	processus ascendens palatoquadrate
http://purl.obolibrary.org/obo/XPO_0139183	decreased cell population proliferation in processus lateralis hyalis	http://purl.obolibrary.org/obo/GO_0008283	cell population proliferation	http://purl.obolibrary.org/obo/XAO_0004373	processus lateralis hyalis
http://purl.obolibrary.org/obo/XPO_0139186	decreased cell population proliferation in processus muscularis palatoquadrati	http://purl.obolibrary.org/obo/GO_0008283	cell population proliferation	http://purl.obolibrary.org/obo/XAO_0004376	processus muscularis palatoquadrati
http://purl.obolibrary.org/obo/XPO_0139187	decreased cell population proliferation in processus posterior hyalis	http://purl.obolibrary.org/obo/GO_0008283	cell population proliferation	http://purl.obolibrary.org/obo/XAO_0004377	processus posterior hyalis
http://purl.obolibrary.org/obo/XPO_0139189	decreased cell population proliferation in processus retroarticularis of Meckel's cartilage	http://purl.obolibrary.org/obo/GO_0008283	cell population proliferation	http://purl.obolibrary.org/obo/XAO_0004379	processus retroarticularis of Meckel's cartilage
http://purl.obolibrary.org/obo/XPO_0138569	decreased cell population proliferation in proctodeum	http://purl.obolibrary.org/obo/GO_0008283	cell population proliferation	http://purl.obolibrary.org/obo/XAO_0001019	proctodeum
http://purl.obolibrary.org/obo/XPO_0139481	decreased cell population proliferation in proepicardium	http://purl.obolibrary.org/obo/GO_0008283	cell population proliferation	http://purl.obolibrary.org/obo/XAO_0005062	proepicardium
http://purl.obolibrary.org/obo/XPO_0138909	decreased cell population proliferation in profundal placode	http://purl.obolibrary.org/obo/GO_0008283	cell population proliferation	http://purl.obolibrary.org/obo/XAO_0004093	profundal placode
http://purl.obolibrary.org/obo/XPO_0138434	decreased cell population proliferation in profundus ganglion	http://purl.obolibrary.org/obo/GO_0008283	cell population proliferation	http://purl.obolibrary.org/obo/XAO_0000323	profundus ganglion
http://purl.obolibrary.org/obo/XPO_0139452	decreased cell population proliferation in progenitor cell	http://purl.obolibrary.org/obo/GO_0008283	cell population proliferation	http://purl.obolibrary.org/obo/XAO_0005033	progenitor cell
http://purl.obolibrary.org/obo/XPO_0138938	decreased cell population proliferation in proliferative region	http://purl.obolibrary.org/obo/GO_0008283	cell population proliferation	http://purl.obolibrary.org/obo/XAO_0004122	proliferative region
http://purl.obolibrary.org/obo/XPO_0138216	decreased cell population proliferation in pronephric duct	http://purl.obolibrary.org/obo/GO_0008283	cell population proliferation	http://purl.obolibrary.org/obo/XAO_0000063	pronephric duct
http://purl.obolibrary.org/obo/XPO_0138575	decreased cell population proliferation in pronephric kidney	http://purl.obolibrary.org/obo/GO_0008283	cell population proliferation	http://purl.obolibrary.org/obo/XAO_0002000	pronephric kidney
http://purl.obolibrary.org/obo/XPO_0138395	decreased cell population proliferation in pronephric mesenchyme	http://purl.obolibrary.org/obo/GO_0008283	cell population proliferation	http://purl.obolibrary.org/obo/XAO_0000264	pronephric mesenchyme
http://purl.obolibrary.org/obo/XPO_0138413	decreased cell population proliferation in pronephric nephron	http://purl.obolibrary.org/obo/GO_0008283	cell population proliferation	http://purl.obolibrary.org/obo/XAO_0000285	pronephric nephron
http://purl.obolibrary.org/obo/XPO_0138215	decreased cell population proliferation in pronephric nephrostome	http://purl.obolibrary.org/obo/GO_0008283	cell population proliferation	http://purl.obolibrary.org/obo/XAO_0000062	pronephric nephrostome
http://purl.obolibrary.org/obo/XPO_0138921	decreased cell population proliferation in pronephric tubule	http://purl.obolibrary.org/obo/GO_0008283	cell population proliferation	http://purl.obolibrary.org/obo/XAO_0004105	pronephric tubule
http://purl.obolibrary.org/obo/XPO_0139702	decreased cell population proliferation in prootic bone	http://purl.obolibrary.org/obo/GO_0008283	cell population proliferation	http://purl.obolibrary.org/obo/XAO_0005314	prootic bone
http://purl.obolibrary.org/obo/XPO_0139397	decreased cell population proliferation in prosomere	http://purl.obolibrary.org/obo/GO_0008283	cell population proliferation	http://purl.obolibrary.org/obo/XAO_0004598	prosomere
http://purl.obolibrary.org/obo/XPO_0139398	decreased cell population proliferation in prosomere 4	http://purl.obolibrary.org/obo/GO_0008283	cell population proliferation	http://purl.obolibrary.org/obo/XAO_0004599	prosomere 4
http://purl.obolibrary.org/obo/XPO_0139399	decreased cell population proliferation in prosomere 5	http://purl.obolibrary.org/obo/GO_0008283	cell population proliferation	http://purl.obolibrary.org/obo/XAO_0004600	prosomere 5
http://purl.obolibrary.org/obo/XPO_0139400	decreased cell population proliferation in prosomere 6	http://purl.obolibrary.org/obo/GO_0008283	cell population proliferation	http://purl.obolibrary.org/obo/XAO_0004601	prosomere 6
http://purl.obolibrary.org/obo/XPO_0138849	decreased cell population proliferation in proteinaceous extracellular matrix	http://purl.obolibrary.org/obo/GO_0008283	cell population proliferation	http://purl.obolibrary.org/obo/XAO_0004032	proteinaceous extracellular matrix
http://purl.obolibrary.org/obo/XPO_0139214	decreased cell population proliferation in proximal mesenchyme	http://purl.obolibrary.org/obo/GO_0008283	cell population proliferation	http://purl.obolibrary.org/obo/XAO_0004407	proximal mesenchyme
http://purl.obolibrary.org/obo/XPO_0139547	decreased cell population proliferation in proximal stomach	http://purl.obolibrary.org/obo/GO_0008283	cell population proliferation	http://purl.obolibrary.org/obo/XAO_0005129	proximal stomach
http://purl.obolibrary.org/obo/XPO_0139325	decreased cell population proliferation in proximal tubule	http://purl.obolibrary.org/obo/GO_0008283	cell population proliferation	http://purl.obolibrary.org/obo/XAO_0004518	proximal tubule
http://purl.obolibrary.org/obo/XPO_0139327	decreased cell population proliferation in proximal tubule branch	http://purl.obolibrary.org/obo/GO_0008283	cell population proliferation	http://purl.obolibrary.org/obo/XAO_0004520	proximal tubule branch
http://purl.obolibrary.org/obo/XPO_0139209	decreased cell population proliferation in pseudoblastema	http://purl.obolibrary.org/obo/GO_0008283	cell population proliferation	http://purl.obolibrary.org/obo/XAO_0004402	pseudoblastema
http://purl.obolibrary.org/obo/XPO_0139305	decreased cell population proliferation in pubis	http://purl.obolibrary.org/obo/GO_0008283	cell population proliferation	http://purl.obolibrary.org/obo/XAO_0004498	pubis
http://purl.obolibrary.org/obo/XPO_0138978	decreased cell population proliferation in pulmonary artery	http://purl.obolibrary.org/obo/GO_0008283	cell population proliferation	http://purl.obolibrary.org/obo/XAO_0004162	pulmonary artery
http://purl.obolibrary.org/obo/XPO_0139542	decreased cell population proliferation in pulmonary epithelium	http://purl.obolibrary.org/obo/GO_0008283	cell population proliferation	http://purl.obolibrary.org/obo/XAO_0005124	pulmonary epithelium
http://purl.obolibrary.org/obo/XPO_0138493	decreased cell population proliferation in pulmonary vein	http://purl.obolibrary.org/obo/GO_0008283	cell population proliferation	http://purl.obolibrary.org/obo/XAO_0000394	pulmonary vein
http://purl.obolibrary.org/obo/XPO_0138542	decreased cell population proliferation in pyloric sphincter	http://purl.obolibrary.org/obo/GO_0008283	cell population proliferation	http://purl.obolibrary.org/obo/XAO_0000457	pyloric sphincter
http://purl.obolibrary.org/obo/XPO_0139575	decreased cell population proliferation in pylorus	http://purl.obolibrary.org/obo/GO_0008283	cell population proliferation	http://purl.obolibrary.org/obo/XAO_0005158	pylorus
http://purl.obolibrary.org/obo/XPO_0139450	decreased cell population proliferation in radial glial cell	http://purl.obolibrary.org/obo/GO_0008283	cell population proliferation	http://purl.obolibrary.org/obo/XAO_0005031	radial glial cell
http://purl.obolibrary.org/obo/XPO_0138757	decreased cell population proliferation in radio-ulna	http://purl.obolibrary.org/obo/GO_0008283	cell population proliferation	http://purl.obolibrary.org/obo/XAO_0003209	radio-ulna
http://purl.obolibrary.org/obo/XPO_0139383	decreased cell population proliferation in raphe nucleus	http://purl.obolibrary.org/obo/GO_0008283	cell population proliferation	http://purl.obolibrary.org/obo/XAO_0004584	raphe nucleus
http://purl.obolibrary.org/obo/XPO_0138565	decreased cell population proliferation in rectal diverticulum	http://purl.obolibrary.org/obo/GO_0008283	cell population proliferation	http://purl.obolibrary.org/obo/XAO_0001015	rectal diverticulum
http://purl.obolibrary.org/obo/XPO_0138371	decreased cell population proliferation in rectum	http://purl.obolibrary.org/obo/GO_0008283	cell population proliferation	http://purl.obolibrary.org/obo/XAO_0000238	rectum
http://purl.obolibrary.org/obo/XPO_0138925	decreased cell population proliferation in regenerating eye	http://purl.obolibrary.org/obo/GO_0008283	cell population proliferation	http://purl.obolibrary.org/obo/XAO_0004109	regenerating eye
http://purl.obolibrary.org/obo/XPO_0139126	decreased cell population proliferation in regenerating fin	http://purl.obolibrary.org/obo/GO_0008283	cell population proliferation	http://purl.obolibrary.org/obo/XAO_0004312	regenerating fin
http://purl.obolibrary.org/obo/XPO_0138922	decreased cell population proliferation in regenerating forelimb	http://purl.obolibrary.org/obo/GO_0008283	cell population proliferation	http://purl.obolibrary.org/obo/XAO_0004106	regenerating forelimb
http://purl.obolibrary.org/obo/XPO_0138923	decreased cell population proliferation in regenerating hindlimb	http://purl.obolibrary.org/obo/GO_0008283	cell population proliferation	http://purl.obolibrary.org/obo/XAO_0004107	regenerating hindlimb
http://purl.obolibrary.org/obo/XPO_0139643	decreased cell population proliferation in regenerating lens	http://purl.obolibrary.org/obo/GO_0008283	cell population proliferation	http://purl.obolibrary.org/obo/XAO_0005240	regenerating lens
http://purl.obolibrary.org/obo/XPO_0139125	decreased cell population proliferation in regenerating limb	http://purl.obolibrary.org/obo/GO_0008283	cell population proliferation	http://purl.obolibrary.org/obo/XAO_0004311	regenerating limb
http://purl.obolibrary.org/obo/XPO_0139666	decreased cell population proliferation in regenerating pelvic girdle	http://purl.obolibrary.org/obo/GO_0008283	cell population proliferation	http://purl.obolibrary.org/obo/XAO_0005269	regenerating pelvic girdle
http://purl.obolibrary.org/obo/XPO_0138833	decreased cell population proliferation in regenerating skeletal element	http://purl.obolibrary.org/obo/GO_0008283	cell population proliferation	http://purl.obolibrary.org/obo/XAO_0004016	regenerating skeletal element
http://purl.obolibrary.org/obo/XPO_0138924	decreased cell population proliferation in regenerating tail	http://purl.obolibrary.org/obo/GO_0008283	cell population proliferation	http://purl.obolibrary.org/obo/XAO_0004108	regenerating tail
http://purl.obolibrary.org/obo/XPO_0138876	decreased cell population proliferation in regenerating tissue	http://purl.obolibrary.org/obo/GO_0008283	cell population proliferation	http://purl.obolibrary.org/obo/XAO_0004059	regenerating tissue
http://purl.obolibrary.org/obo/XPO_0139207	decreased cell population proliferation in regenerating zeugopod skeleton	http://purl.obolibrary.org/obo/GO_0008283	cell population proliferation	http://purl.obolibrary.org/obo/XAO_0004400	regenerating zeugopod skeleton
http://purl.obolibrary.org/obo/XPO_0139065	decreased cell population proliferation in renal artery	http://purl.obolibrary.org/obo/GO_0008283	cell population proliferation	http://purl.obolibrary.org/obo/XAO_0004249	renal artery
http://purl.obolibrary.org/obo/XPO_0138266	decreased cell population proliferation in respiratory system	http://purl.obolibrary.org/obo/GO_0008283	cell population proliferation	http://purl.obolibrary.org/obo/XAO_0000117	respiratory system
http://purl.obolibrary.org/obo/XPO_0138167	decreased cell population proliferation in retina	http://purl.obolibrary.org/obo/GO_0008283	cell population proliferation	http://purl.obolibrary.org/obo/XAO_0000009	retina
http://purl.obolibrary.org/obo/XPO_0138969	decreased cell population proliferation in retinal blood vessel	http://purl.obolibrary.org/obo/GO_0008283	cell population proliferation	http://purl.obolibrary.org/obo/XAO_0004153	retinal blood vessel
http://purl.obolibrary.org/obo/XPO_0138927	decreased cell population proliferation in retinal cone cell	http://purl.obolibrary.org/obo/GO_0008283	cell population proliferation	http://purl.obolibrary.org/obo/XAO_0004111	retinal cone cell
http://purl.obolibrary.org/obo/XPO_0138916	decreased cell population proliferation in retinal ganglion cell	http://purl.obolibrary.org/obo/GO_0008283	cell population proliferation	http://purl.obolibrary.org/obo/XAO_0004100	retinal ganglion cell
http://purl.obolibrary.org/obo/XPO_0138771	decreased cell population proliferation in retinal ganglion cell layer	http://purl.obolibrary.org/obo/GO_0008283	cell population proliferation	http://purl.obolibrary.org/obo/XAO_0003223	retinal ganglion cell layer
http://purl.obolibrary.org/obo/XPO_0138769	decreased cell population proliferation in retinal inner nuclear layer	http://purl.obolibrary.org/obo/GO_0008283	cell population proliferation	http://purl.obolibrary.org/obo/XAO_0003221	retinal inner nuclear layer
http://purl.obolibrary.org/obo/XPO_0138773	decreased cell population proliferation in retinal inner plexiform layer	http://purl.obolibrary.org/obo/GO_0008283	cell population proliferation	http://purl.obolibrary.org/obo/XAO_0003225	retinal inner plexiform layer
http://purl.obolibrary.org/obo/XPO_0138397	decreased cell population proliferation in retinal layer	http://purl.obolibrary.org/obo/GO_0008283	cell population proliferation	http://purl.obolibrary.org/obo/XAO_0000266	retinal layer
http://purl.obolibrary.org/obo/XPO_0138764	decreased cell population proliferation in retinal neural layer	http://purl.obolibrary.org/obo/GO_0008283	cell population proliferation	http://purl.obolibrary.org/obo/XAO_0003216	retinal neural layer
http://purl.obolibrary.org/obo/XPO_0138767	decreased cell population proliferation in retinal outer nuclear layer	http://purl.obolibrary.org/obo/GO_0008283	cell population proliferation	http://purl.obolibrary.org/obo/XAO_0003219	retinal outer nuclear layer
http://purl.obolibrary.org/obo/XPO_0138766	decreased cell population proliferation in retinal outer plexiform layer	http://purl.obolibrary.org/obo/GO_0008283	cell population proliferation	http://purl.obolibrary.org/obo/XAO_0003218	retinal outer plexiform layer
http://purl.obolibrary.org/obo/XPO_0138765	decreased cell population proliferation in retinal pigmented epithelium	http://purl.obolibrary.org/obo/GO_0008283	cell population proliferation	http://purl.obolibrary.org/obo/XAO_0003217	retinal pigmented epithelium
http://purl.obolibrary.org/obo/XPO_0139291	decreased cell population proliferation in retinal progenitor cell	http://purl.obolibrary.org/obo/GO_0008283	cell population proliferation	http://purl.obolibrary.org/obo/XAO_0004484	retinal progenitor cell
http://purl.obolibrary.org/obo/XPO_0139195	decreased cell population proliferation in retinal progenitor cell region	http://purl.obolibrary.org/obo/GO_0008283	cell population proliferation	http://purl.obolibrary.org/obo/XAO_0004388	retinal progenitor cell region
http://purl.obolibrary.org/obo/XPO_0138928	decreased cell population proliferation in retinal rod cell	http://purl.obolibrary.org/obo/GO_0008283	cell population proliferation	http://purl.obolibrary.org/obo/XAO_0004112	retinal rod cell
http://purl.obolibrary.org/obo/XPO_0139290	decreased cell population proliferation in retinal stem cell	http://purl.obolibrary.org/obo/GO_0008283	cell population proliferation	http://purl.obolibrary.org/obo/XAO_0004483	retinal stem cell
http://purl.obolibrary.org/obo/XPO_0139194	decreased cell population proliferation in retinal stem cell region	http://purl.obolibrary.org/obo/GO_0008283	cell population proliferation	http://purl.obolibrary.org/obo/XAO_0004387	retinal stem cell region
http://purl.obolibrary.org/obo/XPO_0139703	decreased cell population proliferation in retinal vein	http://purl.obolibrary.org/obo/GO_0008283	cell population proliferation	http://purl.obolibrary.org/obo/XAO_0005315	retinal vein
http://purl.obolibrary.org/obo/XPO_0139470	decreased cell population proliferation in retromammillary area	http://purl.obolibrary.org/obo/GO_0008283	cell population proliferation	http://purl.obolibrary.org/obo/XAO_0005051	retromammillary area
http://purl.obolibrary.org/obo/XPO_0138951	decreased cell population proliferation in rhombic lip	http://purl.obolibrary.org/obo/GO_0008283	cell population proliferation	http://purl.obolibrary.org/obo/XAO_0004135	rhombic lip
http://purl.obolibrary.org/obo/XPO_0138895	decreased cell population proliferation in rhombomere	http://purl.obolibrary.org/obo/GO_0008283	cell population proliferation	http://purl.obolibrary.org/obo/XAO_0004079	rhombomere
http://purl.obolibrary.org/obo/XPO_0139271	decreased cell population proliferation in rhombomere R1	http://purl.obolibrary.org/obo/GO_0008283	cell population proliferation	http://purl.obolibrary.org/obo/XAO_0004464	rhombomere R1
http://purl.obolibrary.org/obo/XPO_0138896	decreased cell population proliferation in rhombomere R2	http://purl.obolibrary.org/obo/GO_0008283	cell population proliferation	http://purl.obolibrary.org/obo/XAO_0004080	rhombomere R2
http://purl.obolibrary.org/obo/XPO_0138897	decreased cell population proliferation in rhombomere R3	http://purl.obolibrary.org/obo/GO_0008283	cell population proliferation	http://purl.obolibrary.org/obo/XAO_0004081	rhombomere R3
http://purl.obolibrary.org/obo/XPO_0138898	decreased cell population proliferation in rhombomere R4	http://purl.obolibrary.org/obo/GO_0008283	cell population proliferation	http://purl.obolibrary.org/obo/XAO_0004082	rhombomere R4
http://purl.obolibrary.org/obo/XPO_0138899	decreased cell population proliferation in rhombomere R5	http://purl.obolibrary.org/obo/GO_0008283	cell population proliferation	http://purl.obolibrary.org/obo/XAO_0004083	rhombomere R5
http://purl.obolibrary.org/obo/XPO_0138900	decreased cell population proliferation in rhombomere R6	http://purl.obolibrary.org/obo/GO_0008283	cell population proliferation	http://purl.obolibrary.org/obo/XAO_0004084	rhombomere R6
http://purl.obolibrary.org/obo/XPO_0139062	decreased cell population proliferation in rhombomere R7	http://purl.obolibrary.org/obo/GO_0008283	cell population proliferation	http://purl.obolibrary.org/obo/XAO_0004246	rhombomere R7
http://purl.obolibrary.org/obo/XPO_0139082	decreased cell population proliferation in rhombomere R8	http://purl.obolibrary.org/obo/GO_0008283	cell population proliferation	http://purl.obolibrary.org/obo/XAO_0004266	rhombomere R8
http://purl.obolibrary.org/obo/XPO_0139307	decreased cell population proliferation in rib	http://purl.obolibrary.org/obo/GO_0008283	cell population proliferation	http://purl.obolibrary.org/obo/XAO_0004500	rib
http://purl.obolibrary.org/obo/XPO_0138740	decreased cell population proliferation in right atrium	http://purl.obolibrary.org/obo/GO_0008283	cell population proliferation	http://purl.obolibrary.org/obo/XAO_0003192	right atrium
http://purl.obolibrary.org/obo/XPO_0139590	decreased cell population proliferation in right blastomere	http://purl.obolibrary.org/obo/GO_0008283	cell population proliferation	http://purl.obolibrary.org/obo/XAO_0005173	right blastomere
http://purl.obolibrary.org/obo/XPO_0138449	decreased cell population proliferation in right channel of ventral aorta	http://purl.obolibrary.org/obo/GO_0008283	cell population proliferation	http://purl.obolibrary.org/obo/XAO_0000340	right channel of ventral aorta
http://purl.obolibrary.org/obo/XPO_0138473	decreased cell population proliferation in right lymph heart	http://purl.obolibrary.org/obo/GO_0008283	cell population proliferation	http://purl.obolibrary.org/obo/XAO_0000371	right lymph heart
http://purl.obolibrary.org/obo/XPO_0139668	decreased cell population proliferation in right optic vesicle	http://purl.obolibrary.org/obo/GO_0008283	cell population proliferation	http://purl.obolibrary.org/obo/XAO_0005277	right optic vesicle
http://purl.obolibrary.org/obo/XPO_0138437	decreased cell population proliferation in right spleen primordium	http://purl.obolibrary.org/obo/GO_0008283	cell population proliferation	http://purl.obolibrary.org/obo/XAO_0000327	right spleen primordium
http://purl.obolibrary.org/obo/XPO_0139592	decreased cell population proliferation in right-dorsal blastomere	http://purl.obolibrary.org/obo/GO_0008283	cell population proliferation	http://purl.obolibrary.org/obo/XAO_0005175	right-dorsal blastomere
http://purl.obolibrary.org/obo/XPO_0139594	decreased cell population proliferation in right-ventral blastomere	http://purl.obolibrary.org/obo/GO_0008283	cell population proliferation	http://purl.obolibrary.org/obo/XAO_0005177	right-ventral blastomere
http://purl.obolibrary.org/obo/XPO_0139708	decreased cell population proliferation in roof of mouth	http://purl.obolibrary.org/obo/GO_0008283	cell population proliferation	http://purl.obolibrary.org/obo/XAO_0005320	roof of mouth
http://purl.obolibrary.org/obo/XPO_0138179	decreased cell population proliferation in roof plate	http://purl.obolibrary.org/obo/GO_0008283	cell population proliferation	http://purl.obolibrary.org/obo/XAO_0000022	roof plate
http://purl.obolibrary.org/obo/XPO_0139641	decreased cell population proliferation in rostral notochord	http://purl.obolibrary.org/obo/GO_0008283	cell population proliferation	http://purl.obolibrary.org/obo/XAO_0005238	rostral notochord
http://purl.obolibrary.org/obo/XPO_0139410	decreased cell population proliferation in rostral presomitic mesoderm	http://purl.obolibrary.org/obo/GO_0008283	cell population proliferation	http://purl.obolibrary.org/obo/XAO_0004618	rostral presomitic mesoderm
http://purl.obolibrary.org/obo/XPO_0139466	decreased cell population proliferation in rostral tuberal region	http://purl.obolibrary.org/obo/GO_0008283	cell population proliferation	http://purl.obolibrary.org/obo/XAO_0005047	rostral tuberal region
http://purl.obolibrary.org/obo/XPO_0138952	decreased cell population proliferation in saccular macula	http://purl.obolibrary.org/obo/GO_0008283	cell population proliferation	http://purl.obolibrary.org/obo/XAO_0004136	saccular macula
http://purl.obolibrary.org/obo/XPO_0138336	decreased cell population proliferation in sacculus	http://purl.obolibrary.org/obo/GO_0008283	cell population proliferation	http://purl.obolibrary.org/obo/XAO_0000196	sacculus
http://purl.obolibrary.org/obo/XPO_0139008	decreased cell population proliferation in sacral neural crest	http://purl.obolibrary.org/obo/GO_0008283	cell population proliferation	http://purl.obolibrary.org/obo/XAO_0004192	sacral neural crest
http://purl.obolibrary.org/obo/XPO_0138637	decreased cell population proliferation in sacral vertebra	http://purl.obolibrary.org/obo/GO_0008283	cell population proliferation	http://purl.obolibrary.org/obo/XAO_0003078	sacral vertebra
http://purl.obolibrary.org/obo/XPO_0139101	decreased cell population proliferation in scapula	http://purl.obolibrary.org/obo/GO_0008283	cell population proliferation	http://purl.obolibrary.org/obo/XAO_0004286	scapula
http://purl.obolibrary.org/obo/XPO_0139484	decreased cell population proliferation in sciatic nerve	http://purl.obolibrary.org/obo/GO_0008283	cell population proliferation	http://purl.obolibrary.org/obo/XAO_0005065	sciatic nerve
http://purl.obolibrary.org/obo/XPO_0138325	decreased cell population proliferation in sclera	http://purl.obolibrary.org/obo/GO_0008283	cell population proliferation	http://purl.obolibrary.org/obo/XAO_0000183	sclera
http://purl.obolibrary.org/obo/XPO_0138498	decreased cell population proliferation in sclerotomal cartilage	http://purl.obolibrary.org/obo/GO_0008283	cell population proliferation	http://purl.obolibrary.org/obo/XAO_0000401	sclerotomal cartilage
http://purl.obolibrary.org/obo/XPO_0138509	decreased cell population proliferation in sclerotomal mesenchyme	http://purl.obolibrary.org/obo/GO_0008283	cell population proliferation	http://purl.obolibrary.org/obo/XAO_0000414	sclerotomal mesenchyme
http://purl.obolibrary.org/obo/XPO_0138496	decreased cell population proliferation in sclerotome	http://purl.obolibrary.org/obo/GO_0008283	cell population proliferation	http://purl.obolibrary.org/obo/XAO_0000397	sclerotome
http://purl.obolibrary.org/obo/XPO_0138668	decreased cell population proliferation in sclerotome of head somite 4	http://purl.obolibrary.org/obo/GO_0008283	cell population proliferation	http://purl.obolibrary.org/obo/XAO_0003112	sclerotome of head somite 4
http://purl.obolibrary.org/obo/XPO_0138691	decreased cell population proliferation in sclerotome of tail somite 14	http://purl.obolibrary.org/obo/GO_0008283	cell population proliferation	http://purl.obolibrary.org/obo/XAO_0003135	sclerotome of tail somite 14
http://purl.obolibrary.org/obo/XPO_0138693	decreased cell population proliferation in sclerotome of tail somite 15	http://purl.obolibrary.org/obo/GO_0008283	cell population proliferation	http://purl.obolibrary.org/obo/XAO_0003137	sclerotome of tail somite 15
http://purl.obolibrary.org/obo/XPO_0138695	decreased cell population proliferation in sclerotome of tail somite 16	http://purl.obolibrary.org/obo/GO_0008283	cell population proliferation	http://purl.obolibrary.org/obo/XAO_0003139	sclerotome of tail somite 16
http://purl.obolibrary.org/obo/XPO_0138697	decreased cell population proliferation in sclerotome of tail somite 17	http://purl.obolibrary.org/obo/GO_0008283	cell population proliferation	http://purl.obolibrary.org/obo/XAO_0003141	sclerotome of tail somite 17
http://purl.obolibrary.org/obo/XPO_0139415	decreased cell population proliferation in sclerotome of tail somite 18	http://purl.obolibrary.org/obo/GO_0008283	cell population proliferation	http://purl.obolibrary.org/obo/XAO_0004623	sclerotome of tail somite 18
http://purl.obolibrary.org/obo/XPO_0138669	decreased cell population proliferation in sclerotome of trunk somite 1	http://purl.obolibrary.org/obo/GO_0008283	cell population proliferation	http://purl.obolibrary.org/obo/XAO_0003113	sclerotome of trunk somite 1
http://purl.obolibrary.org/obo/XPO_0138683	decreased cell population proliferation in sclerotome of trunk somite 10	http://purl.obolibrary.org/obo/GO_0008283	cell population proliferation	http://purl.obolibrary.org/obo/XAO_0003127	sclerotome of trunk somite 10
http://purl.obolibrary.org/obo/XPO_0138685	decreased cell population proliferation in sclerotome of trunk somite 11	http://purl.obolibrary.org/obo/GO_0008283	cell population proliferation	http://purl.obolibrary.org/obo/XAO_0003129	sclerotome of trunk somite 11
http://purl.obolibrary.org/obo/XPO_0138687	decreased cell population proliferation in sclerotome of trunk somite 12	http://purl.obolibrary.org/obo/GO_0008283	cell population proliferation	http://purl.obolibrary.org/obo/XAO_0003131	sclerotome of trunk somite 12
http://purl.obolibrary.org/obo/XPO_0138689	decreased cell population proliferation in sclerotome of trunk somite 13	http://purl.obolibrary.org/obo/GO_0008283	cell population proliferation	http://purl.obolibrary.org/obo/XAO_0003133	sclerotome of trunk somite 13
http://purl.obolibrary.org/obo/XPO_0138670	decreased cell population proliferation in sclerotome of trunk somite 2	http://purl.obolibrary.org/obo/GO_0008283	cell population proliferation	http://purl.obolibrary.org/obo/XAO_0003114	sclerotome of trunk somite 2
http://purl.obolibrary.org/obo/XPO_0138671	decreased cell population proliferation in sclerotome of trunk somite 3	http://purl.obolibrary.org/obo/GO_0008283	cell population proliferation	http://purl.obolibrary.org/obo/XAO_0003115	sclerotome of trunk somite 3
http://purl.obolibrary.org/obo/XPO_0138672	decreased cell population proliferation in sclerotome of trunk somite 4	http://purl.obolibrary.org/obo/GO_0008283	cell population proliferation	http://purl.obolibrary.org/obo/XAO_0003116	sclerotome of trunk somite 4
http://purl.obolibrary.org/obo/XPO_0138677	decreased cell population proliferation in sclerotome of trunk somite 5	http://purl.obolibrary.org/obo/GO_0008283	cell population proliferation	http://purl.obolibrary.org/obo/XAO_0003121	sclerotome of trunk somite 5
http://purl.obolibrary.org/obo/XPO_0138678	decreased cell population proliferation in sclerotome of trunk somite 6	http://purl.obolibrary.org/obo/GO_0008283	cell population proliferation	http://purl.obolibrary.org/obo/XAO_0003122	sclerotome of trunk somite 6
http://purl.obolibrary.org/obo/XPO_0138679	decreased cell population proliferation in sclerotome of trunk somite 7	http://purl.obolibrary.org/obo/GO_0008283	cell population proliferation	http://purl.obolibrary.org/obo/XAO_0003123	sclerotome of trunk somite 7
http://purl.obolibrary.org/obo/XPO_0138680	decreased cell population proliferation in sclerotome of trunk somite 8	http://purl.obolibrary.org/obo/GO_0008283	cell population proliferation	http://purl.obolibrary.org/obo/XAO_0003124	sclerotome of trunk somite 8
http://purl.obolibrary.org/obo/XPO_0138682	decreased cell population proliferation in sclerotome of trunk somite 9	http://purl.obolibrary.org/obo/GO_0008283	cell population proliferation	http://purl.obolibrary.org/obo/XAO_0003126	sclerotome of trunk somite 9
http://purl.obolibrary.org/obo/XPO_0138573	decreased cell population proliferation in second pancreatic bud	http://purl.obolibrary.org/obo/GO_0008283	cell population proliferation	http://purl.obolibrary.org/obo/XAO_0001102	second pancreatic bud
http://purl.obolibrary.org/obo/XPO_0139002	decreased cell population proliferation in secondary heart field	http://purl.obolibrary.org/obo/GO_0008283	cell population proliferation	http://purl.obolibrary.org/obo/XAO_0004186	secondary heart field
http://purl.obolibrary.org/obo/XPO_0139496	decreased cell population proliferation in secondary myofiber	http://purl.obolibrary.org/obo/GO_0008283	cell population proliferation	http://purl.obolibrary.org/obo/XAO_0005077	secondary myofiber
http://purl.obolibrary.org/obo/XPO_0138399	decreased cell population proliferation in secondary oogonium	http://purl.obolibrary.org/obo/GO_0008283	cell population proliferation	http://purl.obolibrary.org/obo/XAO_0000268	secondary oogonium
http://purl.obolibrary.org/obo/XPO_0138592	decreased cell population proliferation in secondary spermatogonium	http://purl.obolibrary.org/obo/GO_0008283	cell population proliferation	http://purl.obolibrary.org/obo/XAO_0003020	secondary spermatogonium
http://purl.obolibrary.org/obo/XPO_0139404	decreased cell population proliferation in secretory epithelial cell	http://purl.obolibrary.org/obo/GO_0008283	cell population proliferation	http://purl.obolibrary.org/obo/XAO_0004612	secretory epithelial cell
http://purl.obolibrary.org/obo/XPO_0138338	decreased cell population proliferation in semicircular canal	http://purl.obolibrary.org/obo/GO_0008283	cell population proliferation	http://purl.obolibrary.org/obo/XAO_0000198	semicircular canal
http://purl.obolibrary.org/obo/XPO_0138646	decreased cell population proliferation in seminiferous tubule	http://purl.obolibrary.org/obo/GO_0008283	cell population proliferation	http://purl.obolibrary.org/obo/XAO_0003088	seminiferous tubule
http://purl.obolibrary.org/obo/XPO_0138433	decreased cell population proliferation in sensorial layer	http://purl.obolibrary.org/obo/GO_0008283	cell population proliferation	http://purl.obolibrary.org/obo/XAO_0000320	sensorial layer
http://purl.obolibrary.org/obo/XPO_0138401	decreased cell population proliferation in sensorial layer of neurectoderm	http://purl.obolibrary.org/obo/GO_0008283	cell population proliferation	http://purl.obolibrary.org/obo/XAO_0000270	sensorial layer of neurectoderm
http://purl.obolibrary.org/obo/XPO_0138954	decreased cell population proliferation in sensory epithelial cell	http://purl.obolibrary.org/obo/GO_0008283	cell population proliferation	http://purl.obolibrary.org/obo/XAO_0004138	sensory epithelial cell
http://purl.obolibrary.org/obo/XPO_0138742	decreased cell population proliferation in sensory system	http://purl.obolibrary.org/obo/GO_0008283	cell population proliferation	http://purl.obolibrary.org/obo/XAO_0003194	sensory system
http://purl.obolibrary.org/obo/XPO_0139384	decreased cell population proliferation in septum	http://purl.obolibrary.org/obo/GO_0008283	cell population proliferation	http://purl.obolibrary.org/obo/XAO_0004585	septum
http://purl.obolibrary.org/obo/XPO_0139273	decreased cell population proliferation in serous membrane	http://purl.obolibrary.org/obo/GO_0008283	cell population proliferation	http://purl.obolibrary.org/obo/XAO_0004466	serous membrane
http://purl.obolibrary.org/obo/XPO_0139020	decreased cell population proliferation in sesamoid	http://purl.obolibrary.org/obo/GO_0008283	cell population proliferation	http://purl.obolibrary.org/obo/XAO_0004204	sesamoid
http://purl.obolibrary.org/obo/XPO_0138825	decreased cell population proliferation in simple columnar epithelium	http://purl.obolibrary.org/obo/GO_0008283	cell population proliferation	http://purl.obolibrary.org/obo/XAO_0004008	simple columnar epithelium
http://purl.obolibrary.org/obo/XPO_0138826	decreased cell population proliferation in simple cuboidal epithelium	http://purl.obolibrary.org/obo/GO_0008283	cell population proliferation	http://purl.obolibrary.org/obo/XAO_0004009	simple cuboidal epithelium
http://purl.obolibrary.org/obo/XPO_0138607	decreased cell population proliferation in simple organ	http://purl.obolibrary.org/obo/GO_0008283	cell population proliferation	http://purl.obolibrary.org/obo/XAO_0003038	simple organ
http://purl.obolibrary.org/obo/XPO_0138827	decreased cell population proliferation in simple squamous epithelium	http://purl.obolibrary.org/obo/GO_0008283	cell population proliferation	http://purl.obolibrary.org/obo/XAO_0004010	simple squamous epithelium
http://purl.obolibrary.org/obo/XPO_0139279	decreased cell population proliferation in sinus venosus	http://purl.obolibrary.org/obo/GO_0008283	cell population proliferation	http://purl.obolibrary.org/obo/XAO_0004472	sinus venosus
http://purl.obolibrary.org/obo/XPO_0138829	decreased cell population proliferation in skeletal element	http://purl.obolibrary.org/obo/GO_0008283	cell population proliferation	http://purl.obolibrary.org/obo/XAO_0004012	skeletal element
http://purl.obolibrary.org/obo/XPO_0138316	decreased cell population proliferation in skeletal muscle	http://purl.obolibrary.org/obo/GO_0008283	cell population proliferation	http://purl.obolibrary.org/obo/XAO_0000174	skeletal muscle
http://purl.obolibrary.org/obo/XPO_0139462	decreased cell population proliferation in skeletal muscle satellite cell	http://purl.obolibrary.org/obo/GO_0008283	cell population proliferation	http://purl.obolibrary.org/obo/XAO_0005043	skeletal muscle satellite cell
http://purl.obolibrary.org/obo/XPO_0139283	decreased cell population proliferation in skeletal myocyte	http://purl.obolibrary.org/obo/GO_0008283	cell population proliferation	http://purl.obolibrary.org/obo/XAO_0004476	skeletal myocyte
http://purl.obolibrary.org/obo/XPO_0139104	decreased cell population proliferation in skeletal subdivision	http://purl.obolibrary.org/obo/GO_0008283	cell population proliferation	http://purl.obolibrary.org/obo/XAO_0004289	skeletal subdivision
http://purl.obolibrary.org/obo/XPO_0138625	decreased cell population proliferation in skeletal system	http://purl.obolibrary.org/obo/GO_0008283	cell population proliferation	http://purl.obolibrary.org/obo/XAO_0003060	skeletal system
http://purl.obolibrary.org/obo/XPO_0138855	decreased cell population proliferation in skeletal tissue	http://purl.obolibrary.org/obo/GO_0008283	cell population proliferation	http://purl.obolibrary.org/obo/XAO_0004038	skeletal tissue
http://purl.obolibrary.org/obo/XPO_0138870	decreased cell population proliferation in skeleton	http://purl.obolibrary.org/obo/GO_0008283	cell population proliferation	http://purl.obolibrary.org/obo/XAO_0004053	skeleton
http://purl.obolibrary.org/obo/XPO_0138180	decreased cell population proliferation in skin	http://purl.obolibrary.org/obo/GO_0008283	cell population proliferation	http://purl.obolibrary.org/obo/XAO_0000023	skin
http://purl.obolibrary.org/obo/XPO_0139490	decreased cell population proliferation in skin gland	http://purl.obolibrary.org/obo/GO_0008283	cell population proliferation	http://purl.obolibrary.org/obo/XAO_0005071	skin gland
http://purl.obolibrary.org/obo/XPO_0139491	decreased cell population proliferation in skin mucous gland	http://purl.obolibrary.org/obo/GO_0008283	cell population proliferation	http://purl.obolibrary.org/obo/XAO_0005072	skin mucous gland
http://purl.obolibrary.org/obo/XPO_0139493	decreased cell population proliferation in skin seromucous gland	http://purl.obolibrary.org/obo/GO_0008283	cell population proliferation	http://purl.obolibrary.org/obo/XAO_0005074	skin seromucous gland
http://purl.obolibrary.org/obo/XPO_0138278	decreased cell population proliferation in small intestine	http://purl.obolibrary.org/obo/GO_0008283	cell population proliferation	http://purl.obolibrary.org/obo/XAO_0000130	small intestine
http://purl.obolibrary.org/obo/XPO_0139638	decreased cell population proliferation in small secretory cell	http://purl.obolibrary.org/obo/GO_0008283	cell population proliferation	http://purl.obolibrary.org/obo/XAO_0005234	small secretory cell
http://purl.obolibrary.org/obo/XPO_0138317	decreased cell population proliferation in smooth muscle	http://purl.obolibrary.org/obo/GO_0008283	cell population proliferation	http://purl.obolibrary.org/obo/XAO_0000175	smooth muscle
http://purl.obolibrary.org/obo/XPO_0139284	decreased cell population proliferation in smooth muscle myocyte	http://purl.obolibrary.org/obo/GO_0008283	cell population proliferation	http://purl.obolibrary.org/obo/XAO_0004477	smooth muscle myocyte
http://purl.obolibrary.org/obo/XPO_0138719	decreased cell population proliferation in solid compound organ	http://purl.obolibrary.org/obo/GO_0008283	cell population proliferation	http://purl.obolibrary.org/obo/XAO_0003164	solid compound organ
http://purl.obolibrary.org/obo/XPO_0139385	decreased cell population proliferation in solitary tract	http://purl.obolibrary.org/obo/GO_0008283	cell population proliferation	http://purl.obolibrary.org/obo/XAO_0004586	solitary tract
http://purl.obolibrary.org/obo/XPO_0138402	decreased cell population proliferation in somatic layer of lateral plate mesoderm	http://purl.obolibrary.org/obo/GO_0008283	cell population proliferation	http://purl.obolibrary.org/obo/XAO_0000271	somatic layer of lateral plate mesoderm
http://purl.obolibrary.org/obo/XPO_0138812	decreased cell population proliferation in somatic stem cell	http://purl.obolibrary.org/obo/GO_0008283	cell population proliferation	http://purl.obolibrary.org/obo/XAO_0003265	somatic stem cell
http://purl.obolibrary.org/obo/XPO_0138214	decreased cell population proliferation in somite	http://purl.obolibrary.org/obo/GO_0008283	cell population proliferation	http://purl.obolibrary.org/obo/XAO_0000058	somite
http://purl.obolibrary.org/obo/XPO_0138706	decreased cell population proliferation in spermatid	http://purl.obolibrary.org/obo/GO_0008283	cell population proliferation	http://purl.obolibrary.org/obo/XAO_0003151	spermatid
http://purl.obolibrary.org/obo/XPO_0138591	decreased cell population proliferation in spermatocyte	http://purl.obolibrary.org/obo/GO_0008283	cell population proliferation	http://purl.obolibrary.org/obo/XAO_0003019	spermatocyte
http://purl.obolibrary.org/obo/XPO_0138703	decreased cell population proliferation in spermatozoon	http://purl.obolibrary.org/obo/GO_0008283	cell population proliferation	http://purl.obolibrary.org/obo/XAO_0003147	spermatozoon
http://purl.obolibrary.org/obo/XPO_0138727	decreased cell population proliferation in sphenoid region	http://purl.obolibrary.org/obo/GO_0008283	cell population proliferation	http://purl.obolibrary.org/obo/XAO_0003174	sphenoid region
http://purl.obolibrary.org/obo/XPO_0139296	decreased cell population proliferation in spike	http://purl.obolibrary.org/obo/GO_0008283	cell population proliferation	http://purl.obolibrary.org/obo/XAO_0004489	spike
http://purl.obolibrary.org/obo/XPO_0138177	decreased cell population proliferation in spinal cord	http://purl.obolibrary.org/obo/GO_0008283	cell population proliferation	http://purl.obolibrary.org/obo/XAO_0000020	spinal cord
http://purl.obolibrary.org/obo/XPO_0138348	decreased cell population proliferation in spinal ganglion	http://purl.obolibrary.org/obo/GO_0008283	cell population proliferation	http://purl.obolibrary.org/obo/XAO_0000210	spinal ganglion
http://purl.obolibrary.org/obo/XPO_0138657	decreased cell population proliferation in spinal nerve	http://purl.obolibrary.org/obo/GO_0008283	cell population proliferation	http://purl.obolibrary.org/obo/XAO_0003101	spinal nerve
http://purl.obolibrary.org/obo/XPO_0139437	decreased cell population proliferation in spinal neuron	http://purl.obolibrary.org/obo/GO_0008283	cell population proliferation	http://purl.obolibrary.org/obo/XAO_0005018	spinal neuron
http://purl.obolibrary.org/obo/XPO_0139048	decreased cell population proliferation in spiracle	http://purl.obolibrary.org/obo/GO_0008283	cell population proliferation	http://purl.obolibrary.org/obo/XAO_0004232	spiracle
http://purl.obolibrary.org/obo/XPO_0138957	decreased cell population proliferation in spiral septum	http://purl.obolibrary.org/obo/GO_0008283	cell population proliferation	http://purl.obolibrary.org/obo/XAO_0004141	spiral septum
http://purl.obolibrary.org/obo/XPO_0138406	decreased cell population proliferation in splanchnic layer of lateral plate mesoderm	http://purl.obolibrary.org/obo/GO_0008283	cell population proliferation	http://purl.obolibrary.org/obo/XAO_0000276	splanchnic layer of lateral plate mesoderm
http://purl.obolibrary.org/obo/XPO_0138729	decreased cell population proliferation in splanchnocranium	http://purl.obolibrary.org/obo/GO_0008283	cell population proliferation	http://purl.obolibrary.org/obo/XAO_0003176	splanchnocranium
http://purl.obolibrary.org/obo/XPO_0138438	decreased cell population proliferation in spleen	http://purl.obolibrary.org/obo/GO_0008283	cell population proliferation	http://purl.obolibrary.org/obo/XAO_0000328	spleen
http://purl.obolibrary.org/obo/XPO_0138930	decreased cell population proliferation in stage I oocyte	http://purl.obolibrary.org/obo/GO_0008283	cell population proliferation	http://purl.obolibrary.org/obo/XAO_0004114	stage I oocyte
http://purl.obolibrary.org/obo/XPO_0138931	decreased cell population proliferation in stage II oocyte	http://purl.obolibrary.org/obo/GO_0008283	cell population proliferation	http://purl.obolibrary.org/obo/XAO_0004115	stage II oocyte
http://purl.obolibrary.org/obo/XPO_0138932	decreased cell population proliferation in stage III oocyte	http://purl.obolibrary.org/obo/GO_0008283	cell population proliferation	http://purl.obolibrary.org/obo/XAO_0004116	stage III oocyte
http://purl.obolibrary.org/obo/XPO_0138933	decreased cell population proliferation in stage IV oocyte	http://purl.obolibrary.org/obo/GO_0008283	cell population proliferation	http://purl.obolibrary.org/obo/XAO_0004117	stage IV oocyte
http://purl.obolibrary.org/obo/XPO_0138934	decreased cell population proliferation in stage V oocyte	http://purl.obolibrary.org/obo/GO_0008283	cell population proliferation	http://purl.obolibrary.org/obo/XAO_0004118	stage V oocyte
http://purl.obolibrary.org/obo/XPO_0138935	decreased cell population proliferation in stage VI oocyte	http://purl.obolibrary.org/obo/GO_0008283	cell population proliferation	http://purl.obolibrary.org/obo/XAO_0004119	stage VI oocyte
http://purl.obolibrary.org/obo/XPO_0139124	decreased cell population proliferation in stapes	http://purl.obolibrary.org/obo/GO_0008283	cell population proliferation	http://purl.obolibrary.org/obo/XAO_0004310	stapes
http://purl.obolibrary.org/obo/XPO_0138622	decreased cell population proliferation in stem cell	http://purl.obolibrary.org/obo/GO_0008283	cell population proliferation	http://purl.obolibrary.org/obo/XAO_0003054	stem cell
http://purl.obolibrary.org/obo/XPO_0138276	decreased cell population proliferation in stomach	http://purl.obolibrary.org/obo/GO_0008283	cell population proliferation	http://purl.obolibrary.org/obo/XAO_0000128	stomach
http://purl.obolibrary.org/obo/XPO_0139573	decreased cell population proliferation in stomach body	http://purl.obolibrary.org/obo/GO_0008283	cell population proliferation	http://purl.obolibrary.org/obo/XAO_0005156	stomach body
http://purl.obolibrary.org/obo/XPO_0139689	decreased cell population proliferation in stomach epithelium	http://purl.obolibrary.org/obo/GO_0008283	cell population proliferation	http://purl.obolibrary.org/obo/XAO_0005300	stomach epithelium
http://purl.obolibrary.org/obo/XPO_0138189	decreased cell population proliferation in stomodeal-hypophyseal primordium	http://purl.obolibrary.org/obo/GO_0008283	cell population proliferation	http://purl.obolibrary.org/obo/XAO_0000032	stomodeal-hypophyseal primordium
http://purl.obolibrary.org/obo/XPO_0139478	decreased cell population proliferation in stratum compactum	http://purl.obolibrary.org/obo/GO_0008283	cell population proliferation	http://purl.obolibrary.org/obo/XAO_0005059	stratum compactum
http://purl.obolibrary.org/obo/XPO_0139477	decreased cell population proliferation in stratum spongiosum	http://purl.obolibrary.org/obo/GO_0008283	cell population proliferation	http://purl.obolibrary.org/obo/XAO_0005058	stratum spongiosum
http://purl.obolibrary.org/obo/XPO_0139476	decreased cell population proliferation in stria terminalis	http://purl.obolibrary.org/obo/GO_0008283	cell population proliferation	http://purl.obolibrary.org/obo/XAO_0005057	stria terminalis
http://purl.obolibrary.org/obo/XPO_0139386	decreased cell population proliferation in striatum	http://purl.obolibrary.org/obo/GO_0008283	cell population proliferation	http://purl.obolibrary.org/obo/XAO_0004587	striatum
http://purl.obolibrary.org/obo/XPO_0139439	decreased cell population proliferation in stromal cell	http://purl.obolibrary.org/obo/GO_0008283	cell population proliferation	http://purl.obolibrary.org/obo/XAO_0005020	stromal cell
http://purl.obolibrary.org/obo/XPO_0139079	decreased cell population proliferation in stylopod	http://purl.obolibrary.org/obo/GO_0008283	cell population proliferation	http://purl.obolibrary.org/obo/XAO_0004263	stylopod
http://purl.obolibrary.org/obo/XPO_0138885	decreased cell population proliferation in sub-blastoporal endoderm	http://purl.obolibrary.org/obo/GO_0008283	cell population proliferation	http://purl.obolibrary.org/obo/XAO_0004068	sub-blastoporal endoderm
http://purl.obolibrary.org/obo/XPO_0139070	decreased cell population proliferation in subclavian vein	http://purl.obolibrary.org/obo/GO_0008283	cell population proliferation	http://purl.obolibrary.org/obo/XAO_0004254	subclavian vein
http://purl.obolibrary.org/obo/XPO_0139387	decreased cell population proliferation in subcommissural organ	http://purl.obolibrary.org/obo/GO_0008283	cell population proliferation	http://purl.obolibrary.org/obo/XAO_0004588	subcommissural organ
http://purl.obolibrary.org/obo/XPO_0138490	decreased cell population proliferation in subinterstitial vein	http://purl.obolibrary.org/obo/GO_0008283	cell population proliferation	http://purl.obolibrary.org/obo/XAO_0000391	subinterstitial vein
http://purl.obolibrary.org/obo/XPO_0138988	decreased cell population proliferation in subintestinal vein	http://purl.obolibrary.org/obo/GO_0008283	cell population proliferation	http://purl.obolibrary.org/obo/XAO_0004172	subintestinal vein
http://purl.obolibrary.org/obo/XPO_0139266	decreased cell population proliferation in subocular cartilage	http://purl.obolibrary.org/obo/GO_0008283	cell population proliferation	http://purl.obolibrary.org/obo/XAO_0004459	subocular cartilage
http://purl.obolibrary.org/obo/XPO_0139074	decreased cell population proliferation in subpallium	http://purl.obolibrary.org/obo/GO_0008283	cell population proliferation	http://purl.obolibrary.org/obo/XAO_0004258	subpallium
http://purl.obolibrary.org/obo/XPO_0139388	decreased cell population proliferation in subthalamic nucleus	http://purl.obolibrary.org/obo/GO_0008283	cell population proliferation	http://purl.obolibrary.org/obo/XAO_0004589	subthalamic nucleus
http://purl.obolibrary.org/obo/XPO_0139489	decreased cell population proliferation in sulcus limitans of neural tube	http://purl.obolibrary.org/obo/GO_0008283	cell population proliferation	http://purl.obolibrary.org/obo/XAO_0005070	sulcus limitans of neural tube
http://purl.obolibrary.org/obo/XPO_0139644	decreased cell population proliferation in superficial layer of neurectoderm	http://purl.obolibrary.org/obo/GO_0008283	cell population proliferation	http://purl.obolibrary.org/obo/XAO_0005241	superficial layer of neurectoderm
http://purl.obolibrary.org/obo/XPO_0138884	decreased cell population proliferation in suprablastoporal endoderm	http://purl.obolibrary.org/obo/GO_0008283	cell population proliferation	http://purl.obolibrary.org/obo/XAO_0004067	suprablastoporal endoderm
http://purl.obolibrary.org/obo/XPO_0138889	decreased cell population proliferation in suprachiasmatic nucleus	http://purl.obolibrary.org/obo/GO_0008283	cell population proliferation	http://purl.obolibrary.org/obo/XAO_0004072	suprachiasmatic nucleus
http://purl.obolibrary.org/obo/XPO_0139475	decreased cell population proliferation in supraoptoparaventricular region	http://purl.obolibrary.org/obo/GO_0008283	cell population proliferation	http://purl.obolibrary.org/obo/XAO_0005056	supraoptoparaventricular region
http://purl.obolibrary.org/obo/XPO_0138529	decreased cell population proliferation in supraorbital lateral line	http://purl.obolibrary.org/obo/GO_0008283	cell population proliferation	http://purl.obolibrary.org/obo/XAO_0000442	supraorbital lateral line
http://purl.obolibrary.org/obo/XPO_0139190	decreased cell population proliferation in suprarostral plate	http://purl.obolibrary.org/obo/GO_0008283	cell population proliferation	http://purl.obolibrary.org/obo/XAO_0004380	suprarostral plate
http://purl.obolibrary.org/obo/XPO_0138599	decreased cell population proliferation in surface structure	http://purl.obolibrary.org/obo/GO_0008283	cell population proliferation	http://purl.obolibrary.org/obo/XAO_0003028	surface structure
http://purl.obolibrary.org/obo/XPO_0138644	decreased cell population proliferation in suspensorium	http://purl.obolibrary.org/obo/GO_0008283	cell population proliferation	http://purl.obolibrary.org/obo/XAO_0003086	suspensorium
http://purl.obolibrary.org/obo/XPO_0138349	decreased cell population proliferation in sympathetic chain	http://purl.obolibrary.org/obo/GO_0008283	cell population proliferation	http://purl.obolibrary.org/obo/XAO_0000211	sympathetic chain
http://purl.obolibrary.org/obo/XPO_0138597	decreased cell population proliferation in tail	http://purl.obolibrary.org/obo/GO_0008283	cell population proliferation	http://purl.obolibrary.org/obo/XAO_0003026	tail
http://purl.obolibrary.org/obo/XPO_0138257	decreased cell population proliferation in tail bud	http://purl.obolibrary.org/obo/GO_0008283	cell population proliferation	http://purl.obolibrary.org/obo/XAO_0000107	tail bud
http://purl.obolibrary.org/obo/XPO_0138879	decreased cell population proliferation in tail fin	http://purl.obolibrary.org/obo/GO_0008283	cell population proliferation	http://purl.obolibrary.org/obo/XAO_0004062	tail fin
http://purl.obolibrary.org/obo/XPO_0138239	decreased cell population proliferation in tail region	http://purl.obolibrary.org/obo/GO_0008283	cell population proliferation	http://purl.obolibrary.org/obo/XAO_0000087	tail region
http://purl.obolibrary.org/obo/XPO_0138699	decreased cell population proliferation in tail somite	http://purl.obolibrary.org/obo/GO_0008283	cell population proliferation	http://purl.obolibrary.org/obo/XAO_0003143	tail somite
http://purl.obolibrary.org/obo/XPO_0138517	decreased cell population proliferation in tail somite 14	http://purl.obolibrary.org/obo/GO_0008283	cell population proliferation	http://purl.obolibrary.org/obo/XAO_0000422	tail somite 14
http://purl.obolibrary.org/obo/XPO_0138518	decreased cell population proliferation in tail somite 15	http://purl.obolibrary.org/obo/GO_0008283	cell population proliferation	http://purl.obolibrary.org/obo/XAO_0000423	tail somite 15
http://purl.obolibrary.org/obo/XPO_0138519	decreased cell population proliferation in tail somite 16	http://purl.obolibrary.org/obo/GO_0008283	cell population proliferation	http://purl.obolibrary.org/obo/XAO_0000424	tail somite 16
http://purl.obolibrary.org/obo/XPO_0138520	decreased cell population proliferation in tail somite 17	http://purl.obolibrary.org/obo/GO_0008283	cell population proliferation	http://purl.obolibrary.org/obo/XAO_0000425	tail somite 17
http://purl.obolibrary.org/obo/XPO_0139332	decreased cell population proliferation in tail somite 18	http://purl.obolibrary.org/obo/GO_0008283	cell population proliferation	http://purl.obolibrary.org/obo/XAO_0004528	tail somite 18
http://purl.obolibrary.org/obo/XPO_0138874	decreased cell population proliferation in tail tip	http://purl.obolibrary.org/obo/GO_0008283	cell population proliferation	http://purl.obolibrary.org/obo/XAO_0004057	tail tip
http://purl.obolibrary.org/obo/XPO_0138967	decreased cell population proliferation in tail vasculature	http://purl.obolibrary.org/obo/GO_0008283	cell population proliferation	http://purl.obolibrary.org/obo/XAO_0004151	tail vasculature
http://purl.obolibrary.org/obo/XPO_0138492	decreased cell population proliferation in tail vein	http://purl.obolibrary.org/obo/GO_0008283	cell population proliferation	http://purl.obolibrary.org/obo/XAO_0000393	tail vein
http://purl.obolibrary.org/obo/XPO_0138759	decreased cell population proliferation in tarsus	http://purl.obolibrary.org/obo/GO_0008283	cell population proliferation	http://purl.obolibrary.org/obo/XAO_0003211	tarsus
http://purl.obolibrary.org/obo/XPO_0138532	decreased cell population proliferation in taste bud	http://purl.obolibrary.org/obo/GO_0008283	cell population proliferation	http://purl.obolibrary.org/obo/XAO_0000445	taste bud
http://purl.obolibrary.org/obo/XPO_0138170	decreased cell population proliferation in telencephalon	http://purl.obolibrary.org/obo/GO_0008283	cell population proliferation	http://purl.obolibrary.org/obo/XAO_0000012	telencephalon
http://purl.obolibrary.org/obo/XPO_0138315	decreased cell population proliferation in tendon	http://purl.obolibrary.org/obo/GO_0008283	cell population proliferation	http://purl.obolibrary.org/obo/XAO_0000173	tendon
http://purl.obolibrary.org/obo/XPO_0138497	decreased cell population proliferation in tendon fibroblast	http://purl.obolibrary.org/obo/GO_0008283	cell population proliferation	http://purl.obolibrary.org/obo/XAO_0000399	tendon fibroblast
http://purl.obolibrary.org/obo/XPO_0138300	decreased cell population proliferation in testis	http://purl.obolibrary.org/obo/GO_0008283	cell population proliferation	http://purl.obolibrary.org/obo/XAO_0000157	testis
http://purl.obolibrary.org/obo/XPO_0139120	decreased cell population proliferation in thalamus	http://purl.obolibrary.org/obo/GO_0008283	cell population proliferation	http://purl.obolibrary.org/obo/XAO_0004306	thalamus
http://purl.obolibrary.org/obo/XPO_0139580	decreased cell population proliferation in thoracic region	http://purl.obolibrary.org/obo/GO_0008283	cell population proliferation	http://purl.obolibrary.org/obo/XAO_0005163	thoracic region
http://purl.obolibrary.org/obo/XPO_0139663	decreased cell population proliferation in thrombocyte	http://purl.obolibrary.org/obo/GO_0008283	cell population proliferation	http://purl.obolibrary.org/obo/XAO_0005266	thrombocyte
http://purl.obolibrary.org/obo/XPO_0138714	decreased cell population proliferation in thymocyte	http://purl.obolibrary.org/obo/GO_0008283	cell population proliferation	http://purl.obolibrary.org/obo/XAO_0003159	thymocyte
http://purl.obolibrary.org/obo/XPO_0138305	decreased cell population proliferation in thymus	http://purl.obolibrary.org/obo/GO_0008283	cell population proliferation	http://purl.obolibrary.org/obo/XAO_0000163	thymus
http://purl.obolibrary.org/obo/XPO_0138304	decreased cell population proliferation in thyroid	http://purl.obolibrary.org/obo/GO_0008283	cell population proliferation	http://purl.obolibrary.org/obo/XAO_0000162	thyroid
http://purl.obolibrary.org/obo/XPO_0138531	decreased cell population proliferation in thyroid primordium	http://purl.obolibrary.org/obo/GO_0008283	cell population proliferation	http://purl.obolibrary.org/obo/XAO_0000444	thyroid primordium
http://purl.obolibrary.org/obo/XPO_0138761	decreased cell population proliferation in tibia-fibula	http://purl.obolibrary.org/obo/GO_0008283	cell population proliferation	http://purl.obolibrary.org/obo/XAO_0003213	tibia-fibula
http://purl.obolibrary.org/obo/XPO_0138609	decreased cell population proliferation in tissue	http://purl.obolibrary.org/obo/GO_0008283	cell population proliferation	http://purl.obolibrary.org/obo/XAO_0003040	tissue
http://purl.obolibrary.org/obo/XPO_0138533	decreased cell population proliferation in tongue	http://purl.obolibrary.org/obo/GO_0008283	cell population proliferation	http://purl.obolibrary.org/obo/XAO_0000446	tongue
http://purl.obolibrary.org/obo/XPO_0138526	decreased cell population proliferation in tooth	http://purl.obolibrary.org/obo/GO_0008283	cell population proliferation	http://purl.obolibrary.org/obo/XAO_0000431	tooth
http://purl.obolibrary.org/obo/XPO_0139389	decreased cell population proliferation in torus semicircularis	http://purl.obolibrary.org/obo/GO_0008283	cell population proliferation	http://purl.obolibrary.org/obo/XAO_0004590	torus semicircularis
http://purl.obolibrary.org/obo/XPO_0139276	decreased cell population proliferation in trabecula	http://purl.obolibrary.org/obo/GO_0008283	cell population proliferation	http://purl.obolibrary.org/obo/XAO_0004469	trabecula
http://purl.obolibrary.org/obo/XPO_0139277	decreased cell population proliferation in trabecula carnea	http://purl.obolibrary.org/obo/GO_0008283	cell population proliferation	http://purl.obolibrary.org/obo/XAO_0004470	trabecula carnea
http://purl.obolibrary.org/obo/XPO_0139191	decreased cell population proliferation in trabecula cranii	http://purl.obolibrary.org/obo/GO_0008283	cell population proliferation	http://purl.obolibrary.org/obo/XAO_0004381	trabecula cranii
http://purl.obolibrary.org/obo/XPO_0138267	decreased cell population proliferation in trachea	http://purl.obolibrary.org/obo/GO_0008283	cell population proliferation	http://purl.obolibrary.org/obo/XAO_0000118	trachea
http://purl.obolibrary.org/obo/XPO_0139687	decreased cell population proliferation in tracheal epithelium	http://purl.obolibrary.org/obo/GO_0008283	cell population proliferation	http://purl.obolibrary.org/obo/XAO_0005298	tracheal epithelium
http://purl.obolibrary.org/obo/XPO_0139040	decreased cell population proliferation in transporting epithelium	http://purl.obolibrary.org/obo/GO_0008283	cell population proliferation	http://purl.obolibrary.org/obo/XAO_0004224	transporting epithelium
http://purl.obolibrary.org/obo/XPO_0138658	decreased cell population proliferation in transverse process	http://purl.obolibrary.org/obo/GO_0008283	cell population proliferation	http://purl.obolibrary.org/obo/XAO_0003102	transverse process
http://purl.obolibrary.org/obo/XPO_0138523	decreased cell population proliferation in trigeminal ganglion	http://purl.obolibrary.org/obo/GO_0008283	cell population proliferation	http://purl.obolibrary.org/obo/XAO_0000428	trigeminal ganglion
http://purl.obolibrary.org/obo/XPO_0138649	decreased cell population proliferation in trigeminal nerve	http://purl.obolibrary.org/obo/GO_0008283	cell population proliferation	http://purl.obolibrary.org/obo/XAO_0003092	trigeminal nerve
http://purl.obolibrary.org/obo/XPO_0138358	decreased cell population proliferation in trigeminal placode	http://purl.obolibrary.org/obo/GO_0008283	cell population proliferation	http://purl.obolibrary.org/obo/XAO_0000225	trigeminal placode
http://purl.obolibrary.org/obo/XPO_0139198	decreased cell population proliferation in trochlear motornucleus	http://purl.obolibrary.org/obo/GO_0008283	cell population proliferation	http://purl.obolibrary.org/obo/XAO_0004391	trochlear motornucleus
http://purl.obolibrary.org/obo/XPO_0138648	decreased cell population proliferation in trochlear nerve	http://purl.obolibrary.org/obo/GO_0008283	cell population proliferation	http://purl.obolibrary.org/obo/XAO_0003091	trochlear nerve
http://purl.obolibrary.org/obo/XPO_0139049	decreased cell population proliferation in truncus arteriosus	http://purl.obolibrary.org/obo/GO_0008283	cell population proliferation	http://purl.obolibrary.org/obo/XAO_0004233	truncus arteriosus
http://purl.obolibrary.org/obo/XPO_0138596	decreased cell population proliferation in trunk	http://purl.obolibrary.org/obo/GO_0008283	cell population proliferation	http://purl.obolibrary.org/obo/XAO_0003025	trunk
http://purl.obolibrary.org/obo/XPO_0138530	decreased cell population proliferation in trunk lateral line	http://purl.obolibrary.org/obo/GO_0008283	cell population proliferation	http://purl.obolibrary.org/obo/XAO_0000443	trunk lateral line
http://purl.obolibrary.org/obo/XPO_0138778	decreased cell population proliferation in trunk musculature	http://purl.obolibrary.org/obo/GO_0008283	cell population proliferation	http://purl.obolibrary.org/obo/XAO_0003230	trunk musculature
http://purl.obolibrary.org/obo/XPO_0138432	decreased cell population proliferation in trunk neural crest	http://purl.obolibrary.org/obo/GO_0008283	cell population proliferation	http://purl.obolibrary.org/obo/XAO_0000319	trunk neural crest
http://purl.obolibrary.org/obo/XPO_0138546	decreased cell population proliferation in trunk placode	http://purl.obolibrary.org/obo/GO_0008283	cell population proliferation	http://purl.obolibrary.org/obo/XAO_0000461	trunk placode
http://purl.obolibrary.org/obo/XPO_0138210	decreased cell population proliferation in trunk region	http://purl.obolibrary.org/obo/GO_0008283	cell population proliferation	http://purl.obolibrary.org/obo/XAO_0000054	trunk region
http://purl.obolibrary.org/obo/XPO_0138428	decreased cell population proliferation in trunk somite	http://purl.obolibrary.org/obo/GO_0008283	cell population proliferation	http://purl.obolibrary.org/obo/XAO_0000314	trunk somite
http://purl.obolibrary.org/obo/XPO_0138502	decreased cell population proliferation in trunk somite 1	http://purl.obolibrary.org/obo/GO_0008283	cell population proliferation	http://purl.obolibrary.org/obo/XAO_0000406	trunk somite 1
http://purl.obolibrary.org/obo/XPO_0138513	decreased cell population proliferation in trunk somite 10	http://purl.obolibrary.org/obo/GO_0008283	cell population proliferation	http://purl.obolibrary.org/obo/XAO_0000418	trunk somite 10
http://purl.obolibrary.org/obo/XPO_0138514	decreased cell population proliferation in trunk somite 11	http://purl.obolibrary.org/obo/GO_0008283	cell population proliferation	http://purl.obolibrary.org/obo/XAO_0000419	trunk somite 11
http://purl.obolibrary.org/obo/XPO_0138515	decreased cell population proliferation in trunk somite 12	http://purl.obolibrary.org/obo/GO_0008283	cell population proliferation	http://purl.obolibrary.org/obo/XAO_0000420	trunk somite 12
http://purl.obolibrary.org/obo/XPO_0138516	decreased cell population proliferation in trunk somite 13	http://purl.obolibrary.org/obo/GO_0008283	cell population proliferation	http://purl.obolibrary.org/obo/XAO_0000421	trunk somite 13
http://purl.obolibrary.org/obo/XPO_0138503	decreased cell population proliferation in trunk somite 2	http://purl.obolibrary.org/obo/GO_0008283	cell population proliferation	http://purl.obolibrary.org/obo/XAO_0000407	trunk somite 2
http://purl.obolibrary.org/obo/XPO_0138504	decreased cell population proliferation in trunk somite 3	http://purl.obolibrary.org/obo/GO_0008283	cell population proliferation	http://purl.obolibrary.org/obo/XAO_0000408	trunk somite 3
http://purl.obolibrary.org/obo/XPO_0138505	decreased cell population proliferation in trunk somite 4	http://purl.obolibrary.org/obo/GO_0008283	cell population proliferation	http://purl.obolibrary.org/obo/XAO_0000409	trunk somite 4
http://purl.obolibrary.org/obo/XPO_0138506	decreased cell population proliferation in trunk somite 5	http://purl.obolibrary.org/obo/GO_0008283	cell population proliferation	http://purl.obolibrary.org/obo/XAO_0000410	trunk somite 5
http://purl.obolibrary.org/obo/XPO_0138507	decreased cell population proliferation in trunk somite 6	http://purl.obolibrary.org/obo/GO_0008283	cell population proliferation	http://purl.obolibrary.org/obo/XAO_0000411	trunk somite 6
http://purl.obolibrary.org/obo/XPO_0138508	decreased cell population proliferation in trunk somite 7	http://purl.obolibrary.org/obo/GO_0008283	cell population proliferation	http://purl.obolibrary.org/obo/XAO_0000412	trunk somite 7
http://purl.obolibrary.org/obo/XPO_0138511	decreased cell population proliferation in trunk somite 8	http://purl.obolibrary.org/obo/GO_0008283	cell population proliferation	http://purl.obolibrary.org/obo/XAO_0000416	trunk somite 8
http://purl.obolibrary.org/obo/XPO_0138512	decreased cell population proliferation in trunk somite 9	http://purl.obolibrary.org/obo/GO_0008283	cell population proliferation	http://purl.obolibrary.org/obo/XAO_0000417	trunk somite 9
http://purl.obolibrary.org/obo/XPO_0139230	decreased cell population proliferation in trunk vasculature	http://purl.obolibrary.org/obo/GO_0008283	cell population proliferation	http://purl.obolibrary.org/obo/XAO_0004423	trunk vasculature
http://purl.obolibrary.org/obo/XPO_0139402	decreased cell population proliferation in tuberal region	http://purl.obolibrary.org/obo/GO_0008283	cell population proliferation	http://purl.obolibrary.org/obo/XAO_0004606	tuberal region
http://purl.obolibrary.org/obo/XPO_0139570	decreased cell population proliferation in tympanic annulus	http://purl.obolibrary.org/obo/GO_0008283	cell population proliferation	http://purl.obolibrary.org/obo/XAO_0005153	tympanic annulus
http://purl.obolibrary.org/obo/XPO_0138331	decreased cell population proliferation in tympanic disk	http://purl.obolibrary.org/obo/GO_0008283	cell population proliferation	http://purl.obolibrary.org/obo/XAO_0000190	tympanic disk
http://purl.obolibrary.org/obo/XPO_0139486	decreased cell population proliferation in typhlosole	http://purl.obolibrary.org/obo/GO_0008283	cell population proliferation	http://purl.obolibrary.org/obo/XAO_0005067	typhlosole
http://purl.obolibrary.org/obo/XPO_0138538	decreased cell population proliferation in ultimobranchial body	http://purl.obolibrary.org/obo/GO_0008283	cell population proliferation	http://purl.obolibrary.org/obo/XAO_0000452	ultimobranchial body
http://purl.obolibrary.org/obo/XPO_0138553	decreased cell population proliferation in unicellular gland	http://purl.obolibrary.org/obo/GO_0008283	cell population proliferation	http://purl.obolibrary.org/obo/XAO_0000470	unicellular gland
http://purl.obolibrary.org/obo/XPO_0138824	decreased cell population proliferation in unilaminar epithelium	http://purl.obolibrary.org/obo/GO_0008283	cell population proliferation	http://purl.obolibrary.org/obo/XAO_0004007	unilaminar epithelium
http://purl.obolibrary.org/obo/XPO_0138240	decreased cell population proliferation in upper blastopore lip	http://purl.obolibrary.org/obo/GO_0008283	cell population proliferation	http://purl.obolibrary.org/obo/XAO_0000088	upper blastopore lip
http://purl.obolibrary.org/obo/XPO_0138645	decreased cell population proliferation in upper jaw	http://purl.obolibrary.org/obo/GO_0008283	cell population proliferation	http://purl.obolibrary.org/obo/XAO_0003087	upper jaw
http://purl.obolibrary.org/obo/XPO_0138292	decreased cell population proliferation in ureter	http://purl.obolibrary.org/obo/GO_0008283	cell population proliferation	http://purl.obolibrary.org/obo/XAO_0000144	ureter
http://purl.obolibrary.org/obo/XPO_0138296	decreased cell population proliferation in urethra	http://purl.obolibrary.org/obo/GO_0008283	cell population proliferation	http://purl.obolibrary.org/obo/XAO_0000153	urethra
http://purl.obolibrary.org/obo/XPO_0138291	decreased cell population proliferation in urinary system	http://purl.obolibrary.org/obo/GO_0008283	cell population proliferation	http://purl.obolibrary.org/obo/XAO_0000143	urinary system
http://purl.obolibrary.org/obo/XPO_0138288	decreased cell population proliferation in urogenital system	http://purl.obolibrary.org/obo/GO_0008283	cell population proliferation	http://purl.obolibrary.org/obo/XAO_0000140	urogenital system
http://purl.obolibrary.org/obo/XPO_0138639	decreased cell population proliferation in urostyle	http://purl.obolibrary.org/obo/GO_0008283	cell population proliferation	http://purl.obolibrary.org/obo/XAO_0003080	urostyle
http://purl.obolibrary.org/obo/XPO_0138335	decreased cell population proliferation in utricle	http://purl.obolibrary.org/obo/GO_0008283	cell population proliferation	http://purl.obolibrary.org/obo/XAO_0000195	utricle
http://purl.obolibrary.org/obo/XPO_0139333	decreased cell population proliferation in uveal tract	http://purl.obolibrary.org/obo/GO_0008283	cell population proliferation	http://purl.obolibrary.org/obo/XAO_0004529	uveal tract
http://purl.obolibrary.org/obo/XPO_0138871	decreased cell population proliferation in vacuolated notochordal tissue	http://purl.obolibrary.org/obo/GO_0008283	cell population proliferation	http://purl.obolibrary.org/obo/XAO_0004054	vacuolated notochordal tissue
http://purl.obolibrary.org/obo/XPO_0139029	decreased cell population proliferation in vagal epibranchial placode	http://purl.obolibrary.org/obo/GO_0008283	cell population proliferation	http://purl.obolibrary.org/obo/XAO_0004213	vagal epibranchial placode
http://purl.obolibrary.org/obo/XPO_0139007	decreased cell population proliferation in vagal neural crest	http://purl.obolibrary.org/obo/GO_0008283	cell population proliferation	http://purl.obolibrary.org/obo/XAO_0004191	vagal neural crest
http://purl.obolibrary.org/obo/XPO_0138654	decreased cell population proliferation in vagus nerve	http://purl.obolibrary.org/obo/GO_0008283	cell population proliferation	http://purl.obolibrary.org/obo/XAO_0003097	vagus nerve
http://purl.obolibrary.org/obo/XPO_0138460	decreased cell population proliferation in vascular endothelium	http://purl.obolibrary.org/obo/GO_0008283	cell population proliferation	http://purl.obolibrary.org/obo/XAO_0000356	vascular endothelium
http://purl.obolibrary.org/obo/XPO_0138959	decreased cell population proliferation in vascular plexus	http://purl.obolibrary.org/obo/GO_0008283	cell population proliferation	http://purl.obolibrary.org/obo/XAO_0004143	vascular plexus
http://purl.obolibrary.org/obo/XPO_0138408	decreased cell population proliferation in vegetal blastomere	http://purl.obolibrary.org/obo/GO_0008283	cell population proliferation	http://purl.obolibrary.org/obo/XAO_0000279	vegetal blastomere
http://purl.obolibrary.org/obo/XPO_0138883	decreased cell population proliferation in vegetal endoderm	http://purl.obolibrary.org/obo/GO_0008283	cell population proliferation	http://purl.obolibrary.org/obo/XAO_0004066	vegetal endoderm
http://purl.obolibrary.org/obo/XPO_0138409	decreased cell population proliferation in vegetal hemisphere	http://purl.obolibrary.org/obo/GO_0008283	cell population proliferation	http://purl.obolibrary.org/obo/XAO_0000280	vegetal hemisphere
http://purl.obolibrary.org/obo/XPO_0138357	decreased cell population proliferation in vegetal part, early involuting	http://purl.obolibrary.org/obo/GO_0008283	cell population proliferation	http://purl.obolibrary.org/obo/XAO_0000224	vegetal part, early involuting
http://purl.obolibrary.org/obo/XPO_0138929	decreased cell population proliferation in vegetal pole	http://purl.obolibrary.org/obo/GO_0008283	cell population proliferation	http://purl.obolibrary.org/obo/XAO_0004113	vegetal pole
http://purl.obolibrary.org/obo/XPO_0138410	decreased cell population proliferation in vegetal yolk mass	http://purl.obolibrary.org/obo/GO_0008283	cell population proliferation	http://purl.obolibrary.org/obo/XAO_0000281	vegetal yolk mass
http://purl.obolibrary.org/obo/XPO_0138264	decreased cell population proliferation in vein	http://purl.obolibrary.org/obo/GO_0008283	cell population proliferation	http://purl.obolibrary.org/obo/XAO_0000115	vein
http://purl.obolibrary.org/obo/XPO_0138987	decreased cell population proliferation in vena capitis lateralis	http://purl.obolibrary.org/obo/GO_0008283	cell population proliferation	http://purl.obolibrary.org/obo/XAO_0004171	vena capitis lateralis
http://purl.obolibrary.org/obo/XPO_0138986	decreased cell population proliferation in vena capitis medialis	http://purl.obolibrary.org/obo/GO_0008283	cell population proliferation	http://purl.obolibrary.org/obo/XAO_0004170	vena capitis medialis
http://purl.obolibrary.org/obo/XPO_0138462	decreased cell population proliferation in venous endothelium	http://purl.obolibrary.org/obo/GO_0008283	cell population proliferation	http://purl.obolibrary.org/obo/XAO_0000358	venous endothelium
http://purl.obolibrary.org/obo/XPO_0139072	decreased cell population proliferation in ventral abdominal vein	http://purl.obolibrary.org/obo/GO_0008283	cell population proliferation	http://purl.obolibrary.org/obo/XAO_0004256	ventral abdominal vein
http://purl.obolibrary.org/obo/XPO_0139533	decreased cell population proliferation in ventral animal hemisphere blastomere	http://purl.obolibrary.org/obo/GO_0008283	cell population proliferation	http://purl.obolibrary.org/obo/XAO_0005115	ventral animal hemisphere blastomere
http://purl.obolibrary.org/obo/XPO_0138447	decreased cell population proliferation in ventral aorta	http://purl.obolibrary.org/obo/GO_0008283	cell population proliferation	http://purl.obolibrary.org/obo/XAO_0000338	ventral aorta
http://purl.obolibrary.org/obo/XPO_0138220	decreased cell population proliferation in ventral blood island	http://purl.obolibrary.org/obo/GO_0008283	cell population proliferation	http://purl.obolibrary.org/obo/XAO_0000067	ventral blood island
http://purl.obolibrary.org/obo/XPO_0139419	decreased cell population proliferation in ventral blood island border	http://purl.obolibrary.org/obo/GO_0008283	cell population proliferation	http://purl.obolibrary.org/obo/XAO_0004627	ventral blood island border
http://purl.obolibrary.org/obo/XPO_0139078	decreased cell population proliferation in ventral caudal lymphatic vessel	http://purl.obolibrary.org/obo/GO_0008283	cell population proliferation	http://purl.obolibrary.org/obo/XAO_0004262	ventral caudal lymphatic vessel
http://purl.obolibrary.org/obo/XPO_0139690	decreased cell population proliferation in ventral endoderm	http://purl.obolibrary.org/obo/GO_0008283	cell population proliferation	http://purl.obolibrary.org/obo/XAO_0005301	ventral endoderm
http://purl.obolibrary.org/obo/XPO_0139694	decreased cell population proliferation in ventral endomesoderm	http://purl.obolibrary.org/obo/GO_0008283	cell population proliferation	http://purl.obolibrary.org/obo/XAO_0005305	ventral endomesoderm
http://purl.obolibrary.org/obo/XPO_0138882	decreased cell population proliferation in ventral fin margin	http://purl.obolibrary.org/obo/GO_0008283	cell population proliferation	http://purl.obolibrary.org/obo/XAO_0004065	ventral fin margin
http://purl.obolibrary.org/obo/XPO_0139418	decreased cell population proliferation in ventral fin vasculature	http://purl.obolibrary.org/obo/GO_0008283	cell population proliferation	http://purl.obolibrary.org/obo/XAO_0004626	ventral fin vasculature
http://purl.obolibrary.org/obo/XPO_0139543	decreased cell population proliferation in ventral foregut	http://purl.obolibrary.org/obo/GO_0008283	cell population proliferation	http://purl.obolibrary.org/obo/XAO_0005125	ventral foregut
http://purl.obolibrary.org/obo/XPO_0139339	decreased cell population proliferation in ventral funiculus	http://purl.obolibrary.org/obo/GO_0008283	cell population proliferation	http://purl.obolibrary.org/obo/XAO_0004535	ventral funiculus
http://purl.obolibrary.org/obo/XPO_0139390	decreased cell population proliferation in ventral habenular nucleus	http://purl.obolibrary.org/obo/GO_0008283	cell population proliferation	http://purl.obolibrary.org/obo/XAO_0004591	ventral habenular nucleus
http://purl.obolibrary.org/obo/XPO_0138732	decreased cell population proliferation in ventral hyoid arch skeleton	http://purl.obolibrary.org/obo/GO_0008283	cell population proliferation	http://purl.obolibrary.org/obo/XAO_0003179	ventral hyoid arch skeleton
http://purl.obolibrary.org/obo/XPO_0139391	decreased cell population proliferation in ventral hypothalamic nucleus	http://purl.obolibrary.org/obo/GO_0008283	cell population proliferation	http://purl.obolibrary.org/obo/XAO_0004592	ventral hypothalamic nucleus
http://purl.obolibrary.org/obo/XPO_0138549	decreased cell population proliferation in ventral lateral line	http://purl.obolibrary.org/obo/GO_0008283	cell population proliferation	http://purl.obolibrary.org/obo/XAO_0000464	ventral lateral line
http://purl.obolibrary.org/obo/XPO_0138222	decreased cell population proliferation in ventral marginal zone	http://purl.obolibrary.org/obo/GO_0008283	cell population proliferation	http://purl.obolibrary.org/obo/XAO_0000069	ventral marginal zone
http://purl.obolibrary.org/obo/XPO_0139280	decreased cell population proliferation in ventral mesoderm	http://purl.obolibrary.org/obo/GO_0008283	cell population proliferation	http://purl.obolibrary.org/obo/XAO_0004473	ventral mesoderm
http://purl.obolibrary.org/obo/XPO_0139392	decreased cell population proliferation in ventral pallidum	http://purl.obolibrary.org/obo/GO_0008283	cell population proliferation	http://purl.obolibrary.org/obo/XAO_0004593	ventral pallidum
http://purl.obolibrary.org/obo/XPO_0139393	decreased cell population proliferation in ventral pallium	http://purl.obolibrary.org/obo/GO_0008283	cell population proliferation	http://purl.obolibrary.org/obo/XAO_0004594	ventral pallium
http://purl.obolibrary.org/obo/XPO_0138574	decreased cell population proliferation in ventral pancreatic bud	http://purl.obolibrary.org/obo/GO_0008283	cell population proliferation	http://purl.obolibrary.org/obo/XAO_0001103	ventral pancreatic bud
http://purl.obolibrary.org/obo/XPO_0139652	decreased cell population proliferation in ventral posterior hindgut endoderm	http://purl.obolibrary.org/obo/GO_0008283	cell population proliferation	http://purl.obolibrary.org/obo/XAO_0005249	ventral posterior hindgut endoderm
http://purl.obolibrary.org/obo/XPO_0139623	decreased cell population proliferation in ventral region	http://purl.obolibrary.org/obo/GO_0008283	cell population proliferation	http://purl.obolibrary.org/obo/XAO_0005219	ventral region
http://purl.obolibrary.org/obo/XPO_0139474	decreased cell population proliferation in ventral septum	http://purl.obolibrary.org/obo/GO_0008283	cell population proliferation	http://purl.obolibrary.org/obo/XAO_0005055	ventral septum
http://purl.obolibrary.org/obo/XPO_0138881	decreased cell population proliferation in ventral tail fin	http://purl.obolibrary.org/obo/GO_0008283	cell population proliferation	http://purl.obolibrary.org/obo/XAO_0004064	ventral tail fin
http://purl.obolibrary.org/obo/XPO_0139042	decreased cell population proliferation in ventral tegmentum	http://purl.obolibrary.org/obo/GO_0008283	cell population proliferation	http://purl.obolibrary.org/obo/XAO_0004226	ventral tegmentum
http://purl.obolibrary.org/obo/XPO_0139657	decreased cell population proliferation in ventral trunk	http://purl.obolibrary.org/obo/GO_0008283	cell population proliferation	http://purl.obolibrary.org/obo/XAO_0005260	ventral trunk
http://purl.obolibrary.org/obo/XPO_0139532	decreased cell population proliferation in ventral vegetal hemisphere blastomere	http://purl.obolibrary.org/obo/GO_0008283	cell population proliferation	http://purl.obolibrary.org/obo/XAO_0005114	ventral vegetal hemisphere blastomere
http://purl.obolibrary.org/obo/XPO_0139447	decreased cell population proliferation in ventricular layer of the optic tectum	http://purl.obolibrary.org/obo/GO_0008283	cell population proliferation	http://purl.obolibrary.org/obo/XAO_0005028	ventricular layer of the optic tectum
http://purl.obolibrary.org/obo/XPO_0138956	decreased cell population proliferation in ventricular outflow tract	http://purl.obolibrary.org/obo/GO_0008283	cell population proliferation	http://purl.obolibrary.org/obo/XAO_0004140	ventricular outflow tract
http://purl.obolibrary.org/obo/XPO_0138178	decreased cell population proliferation in ventricular zone	http://purl.obolibrary.org/obo/GO_0008283	cell population proliferation	http://purl.obolibrary.org/obo/XAO_0000021	ventricular zone
http://purl.obolibrary.org/obo/XPO_0138223	decreased cell population proliferation in ventro-lateral marginal zone	http://purl.obolibrary.org/obo/GO_0008283	cell population proliferation	http://purl.obolibrary.org/obo/XAO_0000070	ventro-lateral marginal zone
http://purl.obolibrary.org/obo/XPO_0139669	decreased cell population proliferation in ventro-lateral region	http://purl.obolibrary.org/obo/GO_0008283	cell population proliferation	http://purl.obolibrary.org/obo/XAO_0005280	ventro-lateral region
http://purl.obolibrary.org/obo/XPO_0139498	decreased cell population proliferation in ventrolateral edge of myotome	http://purl.obolibrary.org/obo/GO_0008283	cell population proliferation	http://purl.obolibrary.org/obo/XAO_0005079	ventrolateral edge of myotome
http://purl.obolibrary.org/obo/XPO_0139408	decreased cell population proliferation in ventrolateral neural tube	http://purl.obolibrary.org/obo/GO_0008283	cell population proliferation	http://purl.obolibrary.org/obo/XAO_0004616	ventrolateral neural tube
http://purl.obolibrary.org/obo/XPO_0139394	decreased cell population proliferation in ventrolateral thalamic nucleus	http://purl.obolibrary.org/obo/GO_0008283	cell population proliferation	http://purl.obolibrary.org/obo/XAO_0004595	ventrolateral thalamic nucleus
http://purl.obolibrary.org/obo/XPO_0139395	decreased cell population proliferation in ventromedial thalamic nucleus	http://purl.obolibrary.org/obo/GO_0008283	cell population proliferation	http://purl.obolibrary.org/obo/XAO_0004596	ventromedial thalamic nucleus
http://purl.obolibrary.org/obo/XPO_0138836	decreased cell population proliferation in vertebra	http://purl.obolibrary.org/obo/GO_0008283	cell population proliferation	http://purl.obolibrary.org/obo/XAO_0004019	vertebra
http://purl.obolibrary.org/obo/XPO_0139063	decreased cell population proliferation in vertebral artery	http://purl.obolibrary.org/obo/GO_0008283	cell population proliferation	http://purl.obolibrary.org/obo/XAO_0004247	vertebral artery
http://purl.obolibrary.org/obo/XPO_0139102	decreased cell population proliferation in vertebral centrum	http://purl.obolibrary.org/obo/GO_0008283	cell population proliferation	http://purl.obolibrary.org/obo/XAO_0004287	vertebral centrum
http://purl.obolibrary.org/obo/XPO_0138633	decreased cell population proliferation in vertebral column	http://purl.obolibrary.org/obo/GO_0008283	cell population proliferation	http://purl.obolibrary.org/obo/XAO_0003074	vertebral column
http://purl.obolibrary.org/obo/XPO_0139103	decreased cell population proliferation in vertebral element	http://purl.obolibrary.org/obo/GO_0008283	cell population proliferation	http://purl.obolibrary.org/obo/XAO_0004288	vertebral element
http://purl.obolibrary.org/obo/XPO_0138961	decreased cell population proliferation in vestibular apparatus	http://purl.obolibrary.org/obo/GO_0008283	cell population proliferation	http://purl.obolibrary.org/obo/XAO_0004145	vestibular apparatus
http://purl.obolibrary.org/obo/XPO_0138339	decreased cell population proliferation in vestibule	http://purl.obolibrary.org/obo/GO_0008283	cell population proliferation	http://purl.obolibrary.org/obo/XAO_0000199	vestibule
http://purl.obolibrary.org/obo/XPO_0138743	decreased cell population proliferation in vestibuloauditory system	http://purl.obolibrary.org/obo/GO_0008283	cell population proliferation	http://purl.obolibrary.org/obo/XAO_0003195	vestibuloauditory system
http://purl.obolibrary.org/obo/XPO_0138958	decreased cell population proliferation in vestibulocochlear ganglion	http://purl.obolibrary.org/obo/GO_0008283	cell population proliferation	http://purl.obolibrary.org/obo/XAO_0004142	vestibulocochlear ganglion
http://purl.obolibrary.org/obo/XPO_0138652	decreased cell population proliferation in vestibulocochlear nerve	http://purl.obolibrary.org/obo/GO_0008283	cell population proliferation	http://purl.obolibrary.org/obo/XAO_0003095	vestibulocochlear nerve
http://purl.obolibrary.org/obo/XPO_0138411	decreased cell population proliferation in visceral pouch	http://purl.obolibrary.org/obo/GO_0008283	cell population proliferation	http://purl.obolibrary.org/obo/XAO_0000282	visceral pouch
http://purl.obolibrary.org/obo/XPO_0138253	decreased cell population proliferation in visceral pouch 1	http://purl.obolibrary.org/obo/GO_0008283	cell population proliferation	http://purl.obolibrary.org/obo/XAO_0000102	visceral pouch 1
http://purl.obolibrary.org/obo/XPO_0138379	decreased cell population proliferation in visceral pouch 2	http://purl.obolibrary.org/obo/GO_0008283	cell population proliferation	http://purl.obolibrary.org/obo/XAO_0000247	visceral pouch 2
http://purl.obolibrary.org/obo/XPO_0138383	decreased cell population proliferation in visceral pouch 3	http://purl.obolibrary.org/obo/GO_0008283	cell population proliferation	http://purl.obolibrary.org/obo/XAO_0000251	visceral pouch 3
http://purl.obolibrary.org/obo/XPO_0138385	decreased cell population proliferation in visceral pouch 4	http://purl.obolibrary.org/obo/GO_0008283	cell population proliferation	http://purl.obolibrary.org/obo/XAO_0000254	visceral pouch 4
http://purl.obolibrary.org/obo/XPO_0138386	decreased cell population proliferation in visceral pouch 5	http://purl.obolibrary.org/obo/GO_0008283	cell population proliferation	http://purl.obolibrary.org/obo/XAO_0000255	visceral pouch 5
http://purl.obolibrary.org/obo/XPO_0138396	decreased cell population proliferation in visceral pouch 6	http://purl.obolibrary.org/obo/GO_0008283	cell population proliferation	http://purl.obolibrary.org/obo/XAO_0000265	visceral pouch 6
http://purl.obolibrary.org/obo/XPO_0138603	decreased cell population proliferation in viscus	http://purl.obolibrary.org/obo/GO_0008283	cell population proliferation	http://purl.obolibrary.org/obo/XAO_0003034	viscus
http://purl.obolibrary.org/obo/XPO_0138746	decreased cell population proliferation in visual system	http://purl.obolibrary.org/obo/GO_0008283	cell population proliferation	http://purl.obolibrary.org/obo/XAO_0003198	visual system
http://purl.obolibrary.org/obo/XPO_0138187	decreased cell population proliferation in vitelline membrane	http://purl.obolibrary.org/obo/GO_0008283	cell population proliferation	http://purl.obolibrary.org/obo/XAO_0000030	vitelline membrane
http://purl.obolibrary.org/obo/XPO_0138963	decreased cell population proliferation in vitelline vein	http://purl.obolibrary.org/obo/GO_0008283	cell population proliferation	http://purl.obolibrary.org/obo/XAO_0004147	vitelline vein
http://purl.obolibrary.org/obo/XPO_0138579	decreased cell population proliferation in whole organism	http://purl.obolibrary.org/obo/GO_0008283	cell population proliferation	http://purl.obolibrary.org/obo/XAO_0003004	whole organism
http://purl.obolibrary.org/obo/XPO_0139204	decreased cell population proliferation in wound epidermis	http://purl.obolibrary.org/obo/GO_0008283	cell population proliferation	http://purl.obolibrary.org/obo/XAO_0004397	wound epidermis
http://purl.obolibrary.org/obo/XPO_0139205	decreased cell population proliferation in wound epidermis inner layer	http://purl.obolibrary.org/obo/GO_0008283	cell population proliferation	http://purl.obolibrary.org/obo/XAO_0004398	wound epidermis inner layer
http://purl.obolibrary.org/obo/XPO_0139206	decreased cell population proliferation in wound epidermis outer layer	http://purl.obolibrary.org/obo/GO_0008283	cell population proliferation	http://purl.obolibrary.org/obo/XAO_0004399	wound epidermis outer layer
http://purl.obolibrary.org/obo/XPO_0138554	decreased cell population proliferation in xanthophore	http://purl.obolibrary.org/obo/GO_0008283	cell population proliferation	http://purl.obolibrary.org/obo/XAO_0000471	xanthophore
http://purl.obolibrary.org/obo/XPO_0139080	decreased cell population proliferation in zeugopod	http://purl.obolibrary.org/obo/GO_0008283	cell population proliferation	http://purl.obolibrary.org/obo/XAO_0004264	zeugopod
http://purl.obolibrary.org/obo/XPO_0139119	decreased cell population proliferation in zona limitans intrathalamica	http://purl.obolibrary.org/obo/GO_0008283	cell population proliferation	http://purl.obolibrary.org/obo/XAO_0004305	zona limitans intrathalamica
http://purl.obolibrary.org/obo/XPO_0138192	decreased cell population proliferation in zygote	http://purl.obolibrary.org/obo/GO_0008283	cell population proliferation	http://purl.obolibrary.org/obo/XAO_0000035	zygote
